0.000000000000000000e+00 -1.169999999999999937e-17 -2.610000000000000133e-17
-1.005459999999999958e-04 1.982700000000000109e-04 -3.630000000000000143e-05
-1.856910000000000082e-04 4.853160000000000134e-04 -1.183070000000000042e-04
-3.333090000000000033e-04 3.507469999999999945e-04 -1.313329999999999977e-04
-4.989999999999999861e-04 2.301930000000000100e-04 -1.076859999999999986e-04
-6.351160000000000225e-04 2.717840000000000121e-04 -1.140089999999999989e-04
-7.682319999999999861e-04 3.172569999999999882e-04 -1.316769999999999931e-04
-9.267499999999999480e-04 2.397669999999999966e-04 -1.277550000000000126e-04
-1.092630000000000033e-03 1.793490000000000069e-04 -1.155760000000000061e-04
-1.241050000000000052e-03 1.643150000000000014e-04 -1.140379999999999947e-04
-1.395030000000000011e-03 1.023860000000000053e-04 -1.076109999999999968e-04
-1.553539999999999956e-03 2.110000000000000127e-05 -9.370000000000000074e-05
-1.699709999999999893e-03 -2.900000000000000017e-05 -8.129999999999999749e-05
-1.837429999999999923e-03 -4.110000000000000290e-05 -7.559999999999999446e-05
-1.966330000000000074e-03 -5.209999999999999923e-05 -6.970000000000000013e-05
-2.085839999999999830e-03 -7.250000000000000043e-05 -6.150000000000000410e-05
-2.211910000000000091e-03 -7.679999999999999652e-05 -5.420000000000000284e-05
-2.338039999999999997e-03 -6.550000000000000646e-05 -4.800000000000000122e-05
-2.462349999999999869e-03 -4.059999999999999753e-05 -4.250000000000000305e-05
-2.585940000000000114e-03 -9.480000000000000715e-06 -3.690000000000000246e-05
-2.708589999999999869e-03 2.370000000000000009e-05 -2.979999999999999929e-05
-2.824570000000000206e-03 6.580000000000000020e-05 -2.050000000000000024e-05
-2.937860000000000037e-03 1.138409999999999964e-04 -9.530000000000000236e-06
-3.046740000000000038e-03 1.566430000000000112e-04 4.940000000000000136e-06
-3.168789999999999888e-03 1.779109999999999980e-04 2.059999999999999928e-05
-3.298259999999999907e-03 1.721050000000000065e-04 3.820000000000000018e-05
-3.432849999999999877e-03 1.429810000000000054e-04 5.709999999999999879e-05
-3.573590000000000187e-03 1.069590000000000037e-04 7.689999999999999896e-05
-3.716779999999999824e-03 5.640000000000000211e-05 9.749999999999999823e-05
-3.865990000000000138e-03 5.699999999999999636e-06 1.197890000000000012e-04
-4.006769999999999776e-03 -3.660000000000000194e-05 1.385330000000000101e-04
-4.150000000000000043e-03 -7.370000000000000249e-05 1.555679999999999986e-04
-4.298770000000000369e-03 -1.166750000000000035e-04 1.735999999999999913e-04
-4.456520000000000273e-03 -1.564509999999999968e-04 1.923639999999999899e-04
-4.608819999999999584e-03 -1.954059999999999922e-04 2.110530000000000002e-04
-4.762019999999999621e-03 -2.226700000000000077e-04 2.283019999999999971e-04
-4.913360000000000297e-03 -2.389369999999999927e-04 2.442659999999999818e-04
-5.060730000000000263e-03 -2.477329999999999810e-04 2.594839999999999842e-04
-5.201009999999999835e-03 -2.468850000000000189e-04 2.735589999999999875e-04
-5.341349999999999917e-03 -2.382170000000000132e-04 2.874010000000000085e-04
-5.478219999999999791e-03 -2.258750000000000016e-04 3.013940000000000217e-04
-5.612950000000000231e-03 -2.110489999999999914e-04 3.161290000000000085e-04
-5.746460000000000110e-03 -1.966199999999999979e-04 3.317880000000000156e-04
-5.878709999999999665e-03 -1.841830000000000084e-04 3.486930000000000173e-04
-6.004670000000000146e-03 -1.717090000000000055e-04 3.666419999999999770e-04
-6.136349999999999617e-03 -1.721199999999999987e-04 3.871449999999999805e-04
-6.266709999999999989e-03 -1.677749999999999988e-04 4.081560000000000136e-04
-6.394669999999999868e-03 -1.608349999999999873e-04 4.295549999999999759e-04
-6.521149999999999863e-03 -1.554439999999999978e-04 4.522209999999999923e-04
-6.646980000000000249e-03 -1.555460000000000046e-04 4.757510000000000059e-04
-6.771710000000000229e-03 -1.687179999999999930e-04 5.009990000000000190e-04
-6.894439999999999943e-03 -1.941269999999999931e-04 5.285420000000000092e-04
-7.020400000000000425e-03 -2.284370000000000085e-04 5.567900000000000410e-04
-7.157300000000000120e-03 -2.650080000000000079e-04 5.843299999999999840e-04
-7.295519999999999783e-03 -3.006360000000000130e-04 6.112479999999999997e-04
-7.434689999999999875e-03 -3.310760000000000265e-04 6.371779999999999632e-04
-7.574509999999999577e-03 -3.562260000000000144e-04 6.620810000000000193e-04
-7.714369999999999908e-03 -3.732900000000000259e-04 6.857989999999999572e-04
-7.852740000000000414e-03 -3.777620000000000196e-04 7.078629999999999818e-04
-7.990680000000000005e-03 -3.736909999999999971e-04 7.287580000000000316e-04
-8.130540000000000336e-03 -3.665890000000000099e-04 7.499460000000000327e-04
-8.272979999999999223e-03 -3.569280000000000087e-04 7.718179999999999616e-04
-8.415630000000000333e-03 -3.474309999999999877e-04 7.944430000000000372e-04
-8.555729999999999238e-03 -3.406509999999999747e-04 8.179640000000000175e-04
-8.696409999999999904e-03 -3.371569999999999841e-04 8.428199999999999841e-04
-8.836969999999999548e-03 -3.388110000000000058e-04 8.686539999999999540e-04
-8.977620000000000391e-03 -3.493109999999999900e-04 8.957600000000000024e-04
-9.116300000000000792e-03 -3.619779999999999959e-04 9.232679999999999837e-04
-9.253509999999999514e-03 -3.752979999999999836e-04 9.508550000000000162e-04
-9.388999999999999777e-03 -3.885870000000000253e-04 9.784039999999999924e-04
-9.522809999999999608e-03 -4.006389999999999973e-04 1.005899999999999893e-03
-9.654380000000000600e-03 -4.100570000000000213e-04 1.033190000000000020e-03
-9.784910000000000829e-03 -4.197630000000000263e-04 1.060989999999999937e-03
-9.914779999999999774e-03 -4.306460000000000236e-04 1.089359999999999938e-03
-1.004400000000000084e-02 -4.430309999999999804e-04 1.118129999999999949e-03
-1.017410000000000016e-02 -4.566640000000000174e-04 1.147540000000000062e-03
-1.030479999999999938e-02 -4.701540000000000255e-04 1.177190000000000051e-03
-1.043670000000000014e-02 -4.825739999999999912e-04 1.207090000000000073e-03
-1.057010000000000068e-02 -4.935169999999999575e-04 1.237140000000000071e-03
-1.070450000000000047e-02 -5.032910000000000031e-04 1.267319999999999948e-03
-1.083989999999999954e-02 -5.113480000000000109e-04 1.297629999999999921e-03
-1.097610000000000079e-02 -5.173089999999999763e-04 1.328069999999999988e-03
-1.111250000000000085e-02 -5.213719999999999813e-04 1.358409999999999999e-03
-1.124879999999999977e-02 -5.236480000000000388e-04 1.388399999999999921e-03
-1.138519999999999983e-02 -5.242410000000000516e-04 1.418269999999999904e-03
-1.152180000000000044e-02 -5.234319999999999988e-04 1.448440000000000057e-03
-1.165869999999999927e-02 -5.217330000000000275e-04 1.478890000000000066e-03
-1.179700000000000019e-02 -5.215089999999999700e-04 1.510220000000000052e-03
-1.193570000000000048e-02 -5.221689999999999535e-04 1.542109999999999965e-03
-1.207349999999999916e-02 -5.246180000000000244e-04 1.574410000000000046e-03
-1.221000000000000037e-02 -5.289669999999999789e-04 1.606929999999999904e-03
-1.234470000000000012e-02 -5.355549999999999504e-04 1.639580000000000074e-03
-1.247769999999999956e-02 -5.446960000000000040e-04 1.672529999999999980e-03
-1.261080000000000013e-02 -5.566259999999999524e-04 1.706260000000000025e-03
-1.274439999999999948e-02 -5.712119999999999784e-04 1.740929999999999908e-03
-1.287879999999999928e-02 -5.880910000000000044e-04 1.776669999999999942e-03
-1.301320000000000081e-02 -6.063569999999999681e-04 1.812650000000000068e-03
-1.314610000000000084e-02 -6.256630000000000438e-04 1.848349999999999906e-03
-1.327569999999999965e-02 -6.441300000000000281e-04 1.882619999999999997e-03
-1.340550000000000075e-02 -6.566459999999999875e-04 1.916610000000000015e-03
-1.353799999999999969e-02 -6.660830000000000396e-04 1.951700000000000006e-03
-1.367170000000000017e-02 -6.760400000000000393e-04 1.986990000000000110e-03
-1.380499999999999956e-02 -6.797300000000000260e-04 2.021450000000000156e-03
-1.393780000000000019e-02 -6.763640000000000450e-04 2.055480000000000154e-03
-1.407180000000000063e-02 -6.721630000000000356e-04 2.089349999999999801e-03
-1.420639999999999924e-02 -6.667049999999999669e-04 2.123930000000000002e-03
-1.434099999999999958e-02 -6.597639999999999668e-04 2.158939999999999818e-03
-1.447569999999999933e-02 -6.518459999999999793e-04 2.194440000000000193e-03
-1.461059999999999963e-02 -6.450149999999999764e-04 2.230629999999999939e-03
-1.474579999999999988e-02 -6.445310000000000535e-04 2.268120000000000205e-03
-1.488109999999999954e-02 -6.521810000000000497e-04 2.306760000000000147e-03
-1.501620000000000038e-02 -6.644090000000000282e-04 2.346149999999999972e-03
-1.515110000000000068e-02 -6.784410000000000050e-04 2.385819999999999868e-03
-1.528490000000000057e-02 -6.925949999999999511e-04 2.425259999999999829e-03
-1.541799999999999941e-02 -7.073389999999999712e-04 2.465499999999999810e-03
-1.555080000000000004e-02 -7.236280000000000316e-04 2.507839999999999896e-03
-1.568479999999999874e-02 -7.467119999999999617e-04 2.549660000000000034e-03
-1.581520000000000148e-02 -7.572660000000000372e-04 2.587840000000000105e-03
-1.594589999999999896e-02 -7.671530000000000189e-04 2.625779999999999868e-03
-1.607729999999999923e-02 -7.737189999999999693e-04 2.664189999999999874e-03
-1.620869999999999950e-02 -7.777520000000000440e-04 2.702759999999999798e-03
-1.634029999999999858e-02 -7.790409999999999566e-04 2.741540000000000209e-03
-1.647229999999999875e-02 -7.786170000000000027e-04 2.780659999999999903e-03
-1.660450000000000120e-02 -7.776050000000000063e-04 2.820169999999999882e-03
-1.673710000000000128e-02 -7.762780000000000374e-04 2.860109999999999909e-03
-1.687009999999999899e-02 -7.750920000000000119e-04 2.900569999999999884e-03
-1.700360000000000066e-02 -7.742670000000000325e-04 2.941619999999999825e-03
-1.713769999999999877e-02 -7.740499999999999768e-04 2.983369999999999946e-03
-1.727259999999999907e-02 -7.747229999999999481e-04 3.025910000000000145e-03
-1.740859999999999977e-02 -7.777489999999999968e-04 3.069510000000000120e-03
-1.754640000000000019e-02 -7.845719999999999821e-04 3.114500000000000081e-03
-1.768530000000000102e-02 -7.933859999999999827e-04 3.160699999999999794e-03
-1.782479999999999828e-02 -8.032630000000000239e-04 3.207719999999999842e-03
-1.796239999999999989e-02 -8.142390000000000218e-04 3.254289999999999961e-03
-1.809149999999999994e-02 -8.272899999999999482e-04 3.297009999999999958e-03
-1.821700000000000055e-02 -8.353469999999999559e-04 3.336930000000000104e-03
-1.834449999999999970e-02 -8.438579999999999562e-04 3.377540000000000056e-03
-1.847760000000000027e-02 -8.523979999999999795e-04 3.421829999999999837e-03
-1.861149999999999957e-02 -8.588520000000000095e-04 3.467220000000000024e-03
-1.874529999999999946e-02 -8.627580000000000362e-04 3.512819999999999832e-03
-1.888010000000000035e-02 -8.645490000000000466e-04 3.559239999999999973e-03
-1.901610000000000106e-02 -8.659170000000000105e-04 3.606690000000000070e-03
-1.915319999999999870e-02 -8.671580000000000347e-04 3.655040000000000025e-03
-1.929130000000000081e-02 -8.685119999999999950e-04 3.704300000000000214e-03
-1.942989999999999995e-02 -8.701450000000000113e-04 3.754130000000000054e-03
-1.956870000000000137e-02 -8.721080000000000195e-04 3.804469999999999900e-03
-1.970759999999999873e-02 -8.744799999999999622e-04 3.855139999999999956e-03
-1.984589999999999965e-02 -8.773540000000000028e-04 3.905800000000000070e-03
-1.998389999999999889e-02 -8.807059999999999802e-04 3.956529999999999769e-03
-2.012130000000000168e-02 -8.846439999999999686e-04 4.007160000000000062e-03
-2.025760000000000061e-02 -8.893450000000000443e-04 4.057449999999999772e-03
-2.039300000000000140e-02 -8.946979999999999777e-04 4.107539999999999802e-03
-2.052740000000000120e-02 -9.002520000000000400e-04 4.157300000000000058e-03
-2.066070000000000059e-02 -9.058480000000000048e-04 4.206670000000000027e-03
-2.079289999999999958e-02 -9.116740000000000130e-04 4.255710000000000222e-03
-2.092449999999999866e-02 -9.168439999999999923e-04 4.304699999999999846e-03
-2.105539999999999842e-02 -9.215659999999999651e-04 4.353580000000000123e-03
-2.118569999999999828e-02 -9.259410000000000036e-04 4.402350000000000187e-03
-2.131639999999999924e-02 -9.298379999999999970e-04 4.451769999999999859e-03
-2.144700000000000079e-02 -9.333209999999999770e-04 4.501459999999999663e-03
-2.157780000000000115e-02 -9.364959999999999864e-04 4.551610000000000204e-03
-2.170959999999999904e-02 -9.396269999999999536e-04 4.602679999999999619e-03
-2.184190000000000090e-02 -9.425599999999999474e-04 4.654400000000000377e-03
-2.197489999999999860e-02 -9.453009999999999538e-04 4.706870000000000151e-03
-2.210869999999999849e-02 -9.478579999999999905e-04 4.760170000000000200e-03
-2.224330000000000057e-02 -9.502230000000000398e-04 4.814240000000000012e-03
-2.237890000000000018e-02 -9.529869999999999747e-04 4.869120000000000219e-03
-2.251459999999999920e-02 -9.558529999999999978e-04 4.924340000000000141e-03
-2.265009999999999940e-02 -9.586720000000000397e-04 4.979800000000000372e-03
-2.278480000000000089e-02 -9.616559999999999692e-04 5.034870000000000317e-03
-2.291930000000000009e-02 -9.645909999999999944e-04 5.090199999999999586e-03
-2.305319999999999939e-02 -9.675000000000000440e-04 5.145379999999999746e-03
-2.318670000000000106e-02 -9.703760000000000076e-04 5.200559999999999905e-03
-2.331969999999999876e-02 -9.732119999999999920e-04 5.255830000000000397e-03
-2.345179999999999834e-02 -9.760290000000000025e-04 5.310780000000000188e-03
-2.358379999999999851e-02 -9.787990000000000319e-04 5.365980000000000229e-03
-2.371569999999999928e-02 -9.815200000000000487e-04 5.421419999999999711e-03
-2.384750000000000064e-02 -9.841929999999999602e-04 5.477110000000000312e-03
-2.397919999999999913e-02 -9.867949999999999465e-04 5.533090000000000057e-03
-2.411090000000000108e-02 -9.893219999999999445e-04 5.589349999999999874e-03
-2.424250000000000016e-02 -9.917999999999999299e-04 5.645869999999999882e-03
-2.437399999999999983e-02 -9.942300000000000269e-04 5.702630000000000199e-03
-2.450559999999999891e-02 -9.965849999999999188e-04 5.759750000000000113e-03
-2.463730000000000087e-02 -9.988530000000000672e-04 5.817250000000000372e-03
-2.476880000000000054e-02 -1.001069999999999955e-03 5.875009999999999954e-03
-2.490030000000000021e-02 -1.003250000000000018e-03 5.933019999999999787e-03
-2.503179999999999988e-02 -1.005150000000000010e-03 5.991340000000000381e-03
-2.516329999999999956e-02 -1.006680000000000031e-03 6.050019999999999704e-03
-2.529469999999999982e-02 -1.008159999999999916e-03 6.108960000000000085e-03
-2.542610000000000009e-02 -1.009590000000000097e-03 6.168129999999999967e-03
-2.555730000000000154e-02 -1.010980000000000082e-03 6.227560000000000040e-03
-2.568840000000000012e-02 -1.012319999999999930e-03 6.287240000000000363e-03
-2.581949999999999870e-02 -1.013610000000000075e-03 6.347160000000000128e-03
-2.595039999999999847e-02 -1.014850000000000084e-03 6.407340000000000084e-03
-2.608130000000000170e-02 -1.015819999999999961e-03 6.467750000000000409e-03
-2.621199999999999919e-02 -1.016360000000000006e-03 6.528410000000000116e-03
-2.634270000000000014e-02 -1.016849999999999915e-03 6.589310000000000132e-03
-2.647319999999999882e-02 -1.017300000000000062e-03 6.650460000000000399e-03
-2.660360000000000155e-02 -1.017700000000000072e-03 6.711850000000000108e-03
-2.673400000000000082e-02 -1.018049999999999945e-03 6.773500000000000007e-03
-2.686420000000000127e-02 -1.018349999999999898e-03 6.835390000000000216e-03
-2.699440000000000173e-02 -1.018610000000000088e-03 6.897519999999999867e-03
-2.712439999999999990e-02 -1.018849999999999964e-03 6.959980000000000160e-03
-2.725440000000000154e-02 -1.019109999999999938e-03 7.022809999999999990e-03
-2.738430000000000031e-02 -1.019329999999999932e-03 7.085880000000000130e-03
-2.751409999999999967e-02 -1.019500000000000007e-03 7.149209999999999593e-03
-2.764379999999999962e-02 -1.019619999999999945e-03 7.212780000000000233e-03
-2.777340000000000017e-02 -1.019689999999999963e-03 7.276590000000000315e-03
-2.790290000000000131e-02 -1.019710000000000061e-03 7.340649999999999779e-03
-2.803229999999999958e-02 -1.019689999999999963e-03 7.404960000000000361e-03
-2.816149999999999903e-02 -1.019619999999999945e-03 7.469510000000000385e-03
-2.829069999999999849e-02 -1.019500000000000007e-03 7.534309999999999792e-03
-2.841979999999999854e-02 -1.019329999999999932e-03 7.599350000000000376e-03
-2.854879999999999918e-02 -1.019120000000000095e-03 7.664640000000000342e-03
-2.867760000000000101e-02 -1.018849999999999964e-03 7.730179999999999690e-03
-2.880639999999999937e-02 -1.018550000000000011e-03 7.795960000000000216e-03
-2.893499999999999892e-02 -1.018189999999999980e-03 7.861979999999999316e-03
-2.906359999999999846e-02 -1.017780000000000030e-03 7.928249999999999534e-03
-2.919209999999999861e-02 -1.017279999999999964e-03 7.994849999999999526e-03
-2.932049999999999934e-02 -1.016600000000000099e-03 8.061920000000000197e-03
-2.944880000000000067e-02 -1.015870000000000098e-03 8.129239999999999383e-03
-2.957699999999999912e-02 -1.015089999999999959e-03 8.196800000000000613e-03
-2.970520000000000105e-02 -1.014259999999999901e-03 8.264610000000000359e-03
-2.983320000000000069e-02 -1.013390000000000081e-03 8.332660000000000414e-03
-2.996110000000000093e-02 -1.012469999999999907e-03 8.400950000000000778e-03
-3.008879999999999888e-02 -1.011500000000000029e-03 8.469489999999999658e-03
-3.021650000000000030e-02 -1.010489999999999956e-03 8.538270000000000581e-03
-3.034409999999999885e-02 -1.009429999999999963e-03 8.607290000000000080e-03
-3.047149999999999859e-02 -1.008320000000000050e-03 8.676559999999999828e-03
-3.059889999999999832e-02 -1.007160000000000000e-03 8.746069999999999886e-03
-3.072609999999999925e-02 -1.005959999999999971e-03 8.815820000000000253e-03
-3.085320000000000076e-02 -1.004710000000000021e-03 8.885819999999999136e-03
-3.098019999999999941e-02 -1.003409999999999936e-03 8.956060000000000063e-03
-3.110709999999999864e-02 -1.002070000000000087e-03 9.026539999999999564e-03
-3.123379999999999906e-02 -1.000599999999999927e-03 9.097330000000000694e-03
-3.136030000000000068e-02 -9.988270000000000915e-04 9.168640000000000470e-03
-3.148659999999999654e-02 -9.970050000000000266e-04 9.240180000000000615e-03
-3.161280000000000340e-02 -9.951359999999999807e-04 9.311959999999999335e-03
-3.173890000000000045e-02 -9.932199999999999536e-04 9.383990000000000040e-03
-3.186490000000000156e-02 -9.912569999999999455e-04 9.456259999999999319e-03
-3.199079999999999979e-02 -9.892480000000000804e-04 9.528770000000000642e-03
-3.211649999999999922e-02 -9.871909999999998932e-04 9.601520000000000540e-03
-3.224219999999999864e-02 -9.850880000000000660e-04 9.674510000000000748e-03
-3.236769999999999925e-02 -9.829380000000000409e-04 9.747739999999999530e-03
-3.249309999999999699e-02 -9.807410000000000346e-04 9.821200000000000416e-03
-3.261839999999999878e-02 -9.784970000000000473e-04 9.894909999999999817e-03
-3.274350000000000177e-02 -9.762069999999999862e-04 9.968859999999999527e-03
-3.286859999999999782e-02 -9.738709999999999598e-04 1.004309999999999925e-02
-3.299350000000000199e-02 -9.714870000000000450e-04 1.011749999999999976e-02
-3.311830000000000329e-02 -9.690569999999999479e-04 1.019210000000000081e-02
-3.324300000000000171e-02 -9.665809999999999940e-04 1.026700000000000008e-02
-3.336750000000000133e-02 -9.640579999999999506e-04 1.034219999999999931e-02
-3.349200000000000094e-02 -9.614890000000000502e-04 1.041760000000000082e-02
-3.361630000000000174e-02 -9.588729999999999519e-04 1.049319999999999940e-02
-3.374049999999999966e-02 -9.562120000000000125e-04 1.056909999999999968e-02
-3.386460000000000164e-02 -9.535029999999999678e-04 1.064520000000000050e-02
-3.398849999999999788e-02 -9.507489999999999735e-04 1.072150000000000013e-02
-3.411229999999999818e-02 -9.479479999999999981e-04 1.079809999999999971e-02
-3.423600000000000254e-02 -9.451009999999999489e-04 1.087489999999999984e-02
-3.435959999999999709e-02 -9.422080000000000429e-04 1.095190000000000052e-02
-3.448310000000000264e-02 -9.392680000000000473e-04 1.102919999999999942e-02
-3.460640000000000244e-02 -9.362829999999999937e-04 1.110670000000000060e-02
-3.472959999999999936e-02 -9.332519999999999748e-04 1.118450000000000000e-02
-3.485270000000000035e-02 -9.301739999999999748e-04 1.126249999999999994e-02
-3.497560000000000252e-02 -9.270510000000000252e-04 1.134070000000000043e-02
-3.509840000000000182e-02 -9.238809999999999861e-04 1.141919999999999914e-02
-3.522109999999999824e-02 -9.206149999999999533e-04 1.149790000000000013e-02
-3.534349999999999992e-02 -9.166969999999999546e-04 1.157730000000000044e-02
-3.546579999999999872e-02 -9.127329999999999905e-04 1.165689999999999955e-02
-3.558789999999999870e-02 -9.087229999999999527e-04 1.173669999999999922e-02
-3.570990000000000275e-02 -9.046669999999999495e-04 1.181680000000000057e-02
-3.583179999999999699e-02 -9.005649999999999810e-04 1.189710000000000073e-02
-3.595349999999999935e-02 -8.964179999999999544e-04 1.197770000000000085e-02
-3.607509999999999883e-02 -8.922249999999999626e-04 1.205849999999999977e-02
-3.619660000000000238e-02 -8.879860000000000054e-04 1.213949999999999925e-02
-3.631800000000000306e-02 -8.837019999999999901e-04 1.222069999999999927e-02
-3.643919999999999798e-02 -8.793720000000000096e-04 1.230219999999999925e-02
-3.656029999999999697e-02 -8.749969999999999710e-04 1.238389999999999977e-02
-3.668119999999999714e-02 -8.705759999999999671e-04 1.246590000000000024e-02
-3.680200000000000138e-02 -8.661089999999999978e-04 1.254809999999999953e-02
-3.692270000000000274e-02 -8.615979999999999863e-04 1.263049999999999937e-02
-3.704330000000000123e-02 -8.570399999999999937e-04 1.271319999999999915e-02
-3.716370000000000090e-02 -8.524379999999999588e-04 1.279600000000000008e-02
-3.728399999999999770e-02 -8.477899999999999586e-04 1.287920000000000037e-02
-3.740410000000000262e-02 -8.430970000000000087e-04 1.296250000000000006e-02
-3.752409999999999773e-02 -8.383590000000000009e-04 1.304609999999999971e-02
-3.764399999999999691e-02 -8.335750000000000277e-04 1.312989999999999990e-02
-3.776369999999999727e-02 -8.287470000000000123e-04 1.321390000000000065e-02
-3.788330000000000169e-02 -8.238730000000000315e-04 1.329819999999999960e-02
-3.800280000000000324e-02 -8.189539999999999927e-04 1.338270000000000085e-02
-3.812209999999999904e-02 -8.139900000000000043e-04 1.346739999999999916e-02
-3.824129999999999890e-02 -8.089819999999999737e-04 1.355239999999999917e-02
-3.836040000000000283e-02 -8.039279999999999777e-04 1.363759999999999972e-02
-3.847930000000000100e-02 -7.988290000000000321e-04 1.372300000000000082e-02
-3.859810000000000324e-02 -7.936860000000000442e-04 1.380870000000000014e-02
-3.871669999999999973e-02 -7.884979999999999984e-04 1.389460000000000001e-02
-3.883520000000000028e-02 -7.832650000000000029e-04 1.398070000000000042e-02
-3.895350000000000201e-02 -7.779869999999999494e-04 1.406699999999999964e-02
-3.907179999999999681e-02 -7.726649999999999621e-04 1.415360000000000056e-02
-3.918979999999999686e-02 -7.676140000000000133e-04 1.424070000000000023e-02
-3.930770000000000097e-02 -7.625379999999999962e-04 1.432809999999999986e-02
-3.942550000000000221e-02 -7.574160000000000137e-04 1.441579999999999945e-02
-3.954309999999999770e-02 -7.522499999999999890e-04 1.450360000000000017e-02
-3.966059999999999724e-02 -7.470400000000000304e-04 1.459170000000000085e-02
-3.977800000000000086e-02 -7.417839999999999981e-04 1.468000000000000034e-02
-3.989519999999999872e-02 -7.364850000000000476e-04 1.476850000000000038e-02
-4.001219999999999777e-02 -7.311400000000000234e-04 1.485730000000000037e-02
-4.012910000000000088e-02 -7.257519999999999727e-04 1.494619999999999976e-02
-4.024590000000000112e-02 -7.203189999999999723e-04 1.503540000000000085e-02
-4.036250000000000254e-02 -7.148410000000000224e-04 1.512490000000000015e-02
-4.047900000000000109e-02 -7.093200000000000460e-04 1.521450000000000059e-02
-4.059530000000000083e-02 -7.037540000000000115e-04 1.530439999999999925e-02
-4.071149999999999769e-02 -6.981440000000000432e-04 1.539450000000000020e-02
-4.082750000000000268e-02 -6.924890000000000169e-04 1.548489999999999936e-02
-4.094339999999999785e-02 -6.867909999999999640e-04 1.557539999999999966e-02
-4.105910000000000115e-02 -6.810479999999999616e-04 1.566620000000000165e-02
-4.117470000000000158e-02 -6.752620000000000410e-04 1.575719999999999898e-02
-4.129019999999999913e-02 -6.694309999999999540e-04 1.584850000000000148e-02
-4.140549999999999786e-02 -6.635569999999999490e-04 1.593999999999999931e-02
-4.152059999999999779e-02 -6.576390000000000100e-04 1.603160000000000002e-02
-4.163560000000000177e-02 -6.516770000000000288e-04 1.612359999999999835e-02
-4.175050000000000289e-02 -6.456710000000000053e-04 1.621569999999999956e-02
-4.186519999999999825e-02 -6.396210000000000480e-04 1.630809999999999899e-02
-4.197970000000000174e-02 -6.335270000000000484e-04 1.640060000000000129e-02
-4.209410000000000235e-02 -6.273900000000000223e-04 1.649339999999999834e-02
-4.220829999999999721e-02 -6.212099999999999697e-04 1.658650000000000055e-02
-4.232240000000000307e-02 -6.149849999999999674e-04 1.667969999999999869e-02
-4.243639999999999912e-02 -6.087170000000000471e-04 1.677319999999999853e-02
-4.255020000000000330e-02 -6.024059999999999918e-04 1.686690000000000064e-02
-4.266380000000000172e-02 -5.960510000000000027e-04 1.696080000000000157e-02
-4.277729999999999727e-02 -5.896529999999999870e-04 1.705500000000000071e-02
-4.289049999999999807e-02 -5.823220000000000262e-04 1.714939999999999867e-02
-4.300350000000000006e-02 -5.747410000000000322e-04 1.724399999999999891e-02
-4.311630000000000323e-02 -5.671170000000000117e-04 1.733890000000000084e-02
-4.322899999999999660e-02 -5.594489999999999489e-04 1.743400000000000158e-02
-4.334160000000000096e-02 -5.517389999999999838e-04 1.752930000000000113e-02
-4.345399999999999957e-02 -5.439849999999999764e-04 1.762489999999999890e-02
-4.356619999999999937e-02 -5.361880000000000509e-04 1.772059999999999955e-02
-4.367830000000000323e-02 -5.283479999999999904e-04 1.781659999999999841e-02
-4.379020000000000135e-02 -5.204650000000000118e-04 1.791279999999999956e-02
-4.390199999999999658e-02 -5.125390000000000067e-04 1.800919999999999951e-02
-4.401359999999999995e-02 -5.045699999999999751e-04 1.810590000000000116e-02
-4.412499999999999756e-02 -4.965580000000000254e-04 1.820269999999999874e-02
-4.423629999999999923e-02 -4.885030000000000492e-04 1.829980000000000148e-02
-4.434749999999999803e-02 -4.804049999999999922e-04 1.839709999999999956e-02
-4.445840000000000208e-02 -4.722649999999999786e-04 1.849459999999999993e-02
-4.456929999999999920e-02 -4.640819999999999928e-04 1.859229999999999910e-02
-4.467990000000000156e-02 -4.558559999999999804e-04 1.869029999999999997e-02
-4.479040000000000105e-02 -4.475880000000000115e-04 1.878840000000000024e-02
-4.490070000000000172e-02 -4.392770000000000160e-04 1.888679999999999873e-02
-4.501089999999999952e-02 -4.309240000000000097e-04 1.898539999999999950e-02
-4.512089999999999851e-02 -4.225279999999999769e-04 1.908419999999999908e-02
-4.523080000000000156e-02 -4.140899999999999876e-04 1.918320000000000095e-02
-4.534049999999999886e-02 -4.056090000000000259e-04 1.928250000000000103e-02
-4.544999999999999735e-02 -3.970859999999999993e-04 1.938190000000000052e-02
-4.555939999999999990e-02 -3.885210000000000161e-04 1.948160000000000169e-02
-4.566850000000000076e-02 -3.799130000000000063e-04 1.958150000000000168e-02
-4.577760000000000162e-02 -3.712640000000000016e-04 1.968160000000000048e-02
-4.588649999999999674e-02 -3.625720000000000245e-04 1.978190000000000157e-02
-4.599519999999999997e-02 -3.538389999999999981e-04 1.988240000000000146e-02
-4.610369999999999746e-02 -3.450629999999999995e-04 1.998319999999999957e-02
-4.621209999999999901e-02 -3.362449999999999901e-04 2.008410000000000056e-02
-4.632030000000000175e-02 -3.273859999999999856e-04 2.018529999999999977e-02
-4.642849999999999755e-02 -3.183530000000000062e-04 2.028709999999999888e-02
-4.653659999999999741e-02 -3.092160000000000156e-04 2.038929999999999909e-02
-4.664449999999999846e-02 -3.000359999999999984e-04 2.049180000000000099e-02
-4.675220000000000070e-02 -2.908149999999999863e-04 2.059439999999999882e-02
-4.685980000000000006e-02 -2.815520000000000175e-04 2.069729999999999834e-02
-4.696720000000000061e-02 -2.722469999999999838e-04 2.080030000000000073e-02
-4.707440000000000235e-02 -2.629010000000000092e-04 2.090360000000000135e-02
-4.718150000000000122e-02 -2.535120000000000082e-04 2.100710000000000077e-02
-4.728840000000000127e-02 -2.440820000000000121e-04 2.111079999999999901e-02
-4.739510000000000250e-02 -2.346100000000000052e-04 2.121469999999999953e-02
-4.750159999999999799e-02 -2.250970000000000032e-04 2.131889999999999827e-02
-4.760799999999999754e-02 -2.155419999999999905e-04 2.142319999999999988e-02
-4.771419999999999828e-02 -2.059449999999999942e-04 2.152779999999999971e-02
-4.782030000000000308e-02 -1.963070000000000028e-04 2.163249999999999895e-02
-4.792609999999999926e-02 -1.866279999999999892e-04 2.173749999999999988e-02
-4.803179999999999950e-02 -1.769069999999999920e-04 2.184269999999999962e-02
-4.813730000000000092e-02 -1.671449999999999997e-04 2.194810000000000164e-02
-4.824269999999999947e-02 -1.573420000000000124e-04 2.205369999999999900e-02
-4.834789999999999921e-02 -1.474980000000000030e-04 2.215949999999999864e-02
-4.845290000000000014e-02 -1.376120000000000099e-04 2.226550000000000057e-02
-4.855770000000000225e-02 -1.276860000000000104e-04 2.237180000000000071e-02
-4.866240000000000149e-02 -1.177180000000000002e-04 2.247820000000000026e-02
-4.876679999999999904e-02 -1.077099999999999970e-04 2.258479999999999863e-02
-4.887110000000000065e-02 -9.770000000000000310e-05 2.269169999999999868e-02
-4.897529999999999939e-02 -8.760000000000000154e-05 2.279880000000000101e-02
-4.907920000000000338e-02 -7.739999999999999756e-05 2.290599999999999928e-02
-4.918299999999999755e-02 -6.729999999999999600e-05 2.301349999999999923e-02
-4.928659999999999985e-02 -5.709999999999999879e-05 2.312120000000000147e-02
-4.939000000000000334e-02 -4.679999999999999915e-05 2.322909999999999905e-02
-4.949329999999999702e-02 -3.649999999999999951e-05 2.333719999999999892e-02
-4.959630000000000288e-02 -2.619999999999999987e-05 2.344550000000000106e-02
-4.969919999999999893e-02 -1.580000000000000119e-05 2.355399999999999855e-02
-4.980190000000000311e-02 -5.200000000000000188e-06 2.366280000000000119e-02
-4.990440000000000154e-02 5.599999999999999747e-06 2.377189999999999859e-02
-5.000670000000000115e-02 1.639999999999999883e-05 2.388130000000000114e-02
-5.010880000000000195e-02 2.729999999999999951e-05 2.399079999999999963e-02
-5.021069999999999700e-02 3.820000000000000018e-05 2.410050000000000039e-02
-5.031250000000000305e-02 4.920000000000000328e-05 2.421039999999999998e-02
-5.041400000000000048e-02 6.019999999999999961e-05 2.432060000000000125e-02
-5.051540000000000197e-02 7.119999999999999593e-05 2.443089999999999845e-02
-5.061659999999999771e-02 8.229999999999999469e-05 2.454140000000000141e-02
-5.071769999999999751e-02 9.339999999999999344e-05 2.465219999999999911e-02
-5.081850000000000256e-02 1.045980000000000038e-04 2.476309999999999970e-02
-5.091919999999999780e-02 1.157980000000000050e-04 2.487429999999999850e-02
-5.101959999999999829e-02 1.270379999999999990e-04 2.498560000000000017e-02
-5.111990000000000284e-02 1.383169999999999972e-04 2.509720000000000006e-02
-5.122000000000000164e-02 1.496369999999999905e-04 2.520889999999999936e-02
-5.131999999999999756e-02 1.609960000000000015e-04 2.532090000000000035e-02
-5.141969999999999874e-02 1.723949999999999918e-04 2.543300000000000075e-02
-5.151929999999999704e-02 1.838329999999999999e-04 2.554539999999999936e-02
-5.161870000000000347e-02 1.953120000000000030e-04 2.565800000000000025e-02
-5.171780000000000127e-02 2.068290000000000081e-04 2.577070000000000055e-02
-5.181680000000000313e-02 2.183859999999999925e-04 2.588369999999999907e-02
-5.191570000000000212e-02 2.299830000000000103e-04 2.599680000000000046e-02
-5.201429999999999942e-02 2.416180000000000031e-04 2.611020000000000008e-02
-5.211269999999999791e-02 2.532929999999999752e-04 2.622369999999999909e-02
-5.221100000000000046e-02 2.650080000000000079e-04 2.633749999999999980e-02
-5.230909999999999727e-02 2.767609999999999884e-04 2.645139999999999991e-02
-5.240689999999999932e-02 2.885540000000000023e-04 2.656560000000000171e-02
-5.250459999999999849e-02 3.003850000000000183e-04 2.667989999999999945e-02
-5.260209999999999886e-02 3.122560000000000136e-04 2.679449999999999887e-02
-5.269950000000000329e-02 3.241650000000000109e-04 2.690920000000000117e-02
-5.279659999999999909e-02 3.361130000000000259e-04 2.702420000000000169e-02
-5.289350000000000301e-02 3.481000000000000045e-04 2.713930000000000162e-02
-5.299029999999999713e-02 3.602009999999999891e-04 2.725469999999999976e-02
-5.308689999999999937e-02 3.724460000000000184e-04 2.737049999999999900e-02
-5.318330000000000279e-02 3.847310000000000270e-04 2.748650000000000052e-02
-5.327950000000000047e-02 3.970539999999999833e-04 2.760270000000000085e-02
-5.337549999999999933e-02 4.094160000000000117e-04 2.771909999999999999e-02
-5.347129999999999939e-02 4.218170000000000036e-04 2.783570000000000141e-02
-5.356690000000000063e-02 4.342559999999999975e-04 2.795250000000000165e-02
-5.366230000000000305e-02 4.467350000000000249e-04 2.806950000000000070e-02
-5.375760000000000260e-02 4.592520000000000001e-04 2.818659999999999916e-02
-5.385260000000000047e-02 4.718069999999999773e-04 2.830399999999999930e-02
-5.394750000000000240e-02 4.844010000000000264e-04 2.842149999999999885e-02
-5.404210000000000264e-02 4.970340000000000391e-04 2.853930000000000008e-02
-5.413660000000000000e-02 5.097050000000000539e-04 2.865720000000000073e-02
-5.423089999999999855e-02 5.224140000000000164e-04 2.877539999999999959e-02
-5.432499999999999829e-02 5.351620000000000509e-04 2.889370000000000133e-02
-5.441889999999999922e-02 5.479470000000000174e-04 2.901219999999999841e-02
-5.451249999999999846e-02 5.607709999999999475e-04 2.913090000000000124e-02
-5.460600000000000176e-02 5.736330000000000422e-04 2.924979999999999941e-02
-5.469929999999999931e-02 5.865339999999999920e-04 2.936889999999999987e-02
-5.479239999999999805e-02 5.994719999999999823e-04 2.948819999999999913e-02
-5.488529999999999798e-02 6.124470000000000131e-04 2.960760000000000128e-02
-5.497799999999999909e-02 6.254610000000000074e-04 2.972730000000000164e-02
-5.507050000000000139e-02 6.385129999999999495e-04 2.984720000000000081e-02
-5.516279999999999795e-02 6.516020000000000405e-04 2.996719999999999939e-02
-5.525499999999999856e-02 6.647289999999999709e-04 3.008740000000000026e-02
-5.534689999999999749e-02 6.778939999999999575e-04 3.020779999999999993e-02
-5.543859999999999760e-02 6.910959999999999846e-04 3.032850000000000129e-02
-5.553009999999999891e-02 7.043359999999999595e-04 3.044919999999999918e-02
-5.562140000000000140e-02 7.176129999999999749e-04 3.057019999999999876e-02
-5.571249999999999813e-02 7.309270000000000307e-04 3.069140000000000063e-02
-5.580349999999999894e-02 7.442790000000000343e-04 3.081280000000000130e-02
-5.589419999999999805e-02 7.576679999999999700e-04 3.093430000000000138e-02
-5.598469999999999835e-02 7.710939999999999461e-04 3.105600000000000027e-02
-5.607499999999999984e-02 7.845579999999999785e-04 3.117790000000000145e-02
-5.616510000000000252e-02 7.980580000000000356e-04 3.130000000000000143e-02
-5.625499999999999945e-02 8.115960000000000405e-04 3.142230000000000023e-02
-5.634469999999999756e-02 8.251699999999999617e-04 3.154479999999999784e-02
-5.643419999999999687e-02 8.387810000000000318e-04 3.166750000000000120e-02
-5.652360000000000023e-02 8.524290000000000339e-04 3.179030000000000050e-02
-5.661270000000000191e-02 8.661139999999999681e-04 3.191329999999999861e-02
-5.670159999999999784e-02 8.798350000000000354e-04 3.203659999999999841e-02
-5.679030000000000189e-02 8.935930000000000348e-04 3.216000000000000109e-02
-5.687869999999999732e-02 9.073879999999999663e-04 3.228349999999999970e-02
-5.696699999999999681e-02 9.212190000000000309e-04 3.240730000000000000e-02
-5.705509999999999748e-02 9.350870000000000275e-04 3.253120000000000317e-02
-5.714299999999999935e-02 9.489910000000000489e-04 3.265540000000000109e-02
-5.723070000000000240e-02 9.629309999999999866e-04 3.277970000000000189e-02
-5.731809999999999683e-02 9.769080000000000732e-04 3.290420000000000150e-02
-5.740540000000000226e-02 9.909199999999999519e-04 3.302889999999999993e-02
-5.749250000000000194e-02 1.004969999999999995e-03 3.315370000000000122e-02
-5.757929999999999993e-02 1.019050000000000077e-03 3.327870000000000134e-02
-5.766589999999999910e-02 1.033180000000000079e-03 3.340400000000000313e-02
-5.775240000000000234e-02 1.047329999999999962e-03 3.352940000000000087e-02
-5.783859999999999696e-02 1.061520000000000042e-03 3.365490000000000148e-02
-5.792459999999999970e-02 1.075750000000000100e-03 3.378069999999999684e-02
-5.801049999999999957e-02 1.090019999999999921e-03 3.390660000000000202e-02
-5.809609999999999774e-02 1.104319999999999998e-03 3.403280000000000194e-02
-5.818149999999999711e-02 1.118649999999999896e-03 3.415900000000000186e-02
-5.826660000000000172e-02 1.133019999999999991e-03 3.428549999999999653e-02
-5.835160000000000347e-02 1.147430000000000064e-03 3.441219999999999696e-02
-5.843639999999999946e-02 1.161869999999999960e-03 3.453900000000000026e-02
-5.852090000000000070e-02 1.176350000000000052e-03 3.466600000000000237e-02
-5.860529999999999906e-02 1.190859999999999965e-03 3.479320000000000329e-02
-5.868940000000000268e-02 1.205410000000000075e-03 3.492060000000000303e-02
-5.877340000000000342e-02 1.220029999999999986e-03 3.504809999999999870e-02
-5.885730000000000128e-02 1.234920000000000028e-03 3.517619999999999775e-02
-5.894100000000000034e-02 1.249839999999999892e-03 3.530439999999999967e-02
-5.902439999999999770e-02 1.264799999999999952e-03 3.543269999999999753e-02
-5.910769999999999913e-02 1.279790000000000051e-03 3.556129999999999708e-02
-5.919069999999999887e-02 1.294819999999999912e-03 3.568999999999999950e-02
-5.927349999999999980e-02 1.309880000000000029e-03 3.581890000000000074e-02
-5.935619999999999785e-02 1.324979999999999908e-03 3.594800000000000079e-02
-5.943860000000000116e-02 1.340119999999999983e-03 3.607719999999999677e-02
-5.952079999999999871e-02 1.355279999999999940e-03 3.620670000000000138e-02
-5.960270000000000151e-02 1.370490000000000033e-03 3.633619999999999906e-02
-5.968450000000000144e-02 1.385729999999999948e-03 3.646599999999999842e-02
-5.976599999999999968e-02 1.400999999999999902e-03 3.659599999999999659e-02
-5.984740000000000198e-02 1.416310000000000052e-03 3.672609999999999764e-02
-5.992850000000000260e-02 1.431650000000000023e-03 3.685639999999999750e-02
-6.000939999999999747e-02 1.447029999999999974e-03 3.698680000000000023e-02
-6.008999999999999758e-02 1.462439999999999964e-03 3.711749999999999772e-02
-6.017050000000000176e-02 1.477879999999999992e-03 3.724829999999999808e-02
-6.025080000000000019e-02 1.493360000000000000e-03 3.737920000000000131e-02
-6.033079999999999693e-02 1.508879999999999987e-03 3.751039999999999930e-02
-6.041060000000000180e-02 1.524430000000000012e-03 3.764170000000000016e-02
-6.049020000000000091e-02 1.540010000000000077e-03 3.777319999999999983e-02
-6.056960000000000122e-02 1.555629999999999903e-03 3.790480000000000238e-02
-6.064869999999999983e-02 1.571279999999999986e-03 3.803659999999999680e-02
-6.072770000000000251e-02 1.586960000000000107e-03 3.816859999999999697e-02
-6.080639999999999656e-02 1.602679999999999990e-03 3.830080000000000290e-02
-6.088489999999999874e-02 1.618429999999999912e-03 3.843309999999999782e-02
-6.096320000000000211e-02 1.634220000000000030e-03 3.856559999999999849e-02
-6.104129999999999973e-02 1.650039999999999970e-03 3.869829999999999798e-02
-6.111910000000000259e-02 1.665889999999999949e-03 3.883110000000000034e-02
-6.119669999999999971e-02 1.681779999999999907e-03 3.896410000000000151e-02
-6.127409999999999801e-02 1.697699999999999904e-03 3.909730000000000150e-02
-6.135129999999999750e-02 1.713660000000000096e-03 3.923059999999999742e-02
-6.142829999999999818e-02 1.729639999999999954e-03 3.936409999999999909e-02
-6.150499999999999717e-02 1.745669999999999947e-03 3.949779999999999958e-02
-6.158149999999999735e-02 1.761720000000000039e-03 3.963160000000000294e-02
-6.165779999999999872e-02 1.777809999999999894e-03 3.976559999999999817e-02
-6.173390000000000127e-02 1.793930000000000004e-03 3.989970000000000322e-02
-6.180979999999999808e-02 1.810079999999999936e-03 4.003410000000000302e-02
-6.188540000000000013e-02 1.826270000000000063e-03 4.016850000000000281e-02
-6.196080000000000337e-02 1.842490000000000013e-03 4.030319999999999736e-02
-6.203600000000000086e-02 1.858740000000000002e-03 4.043800000000000172e-02
-6.211089999999999667e-02 1.875020000000000029e-03 4.057299999999999796e-02
-6.218569999999999653e-02 1.891340000000000035e-03 4.070809999999999707e-02
-6.226020000000000165e-02 1.907690000000000080e-03 4.084340000000000193e-02
-6.233450000000000102e-02 1.924069999999999947e-03 4.097889999999999866e-02
-6.240849999999999870e-02 1.940490000000000010e-03 4.111449999999999827e-02
-6.248240000000000044e-02 1.956939999999999895e-03 4.125029999999999669e-02
-6.255600000000000049e-02 1.973420000000000035e-03 4.138619999999999799e-02
-6.262940000000000174e-02 1.989929999999999997e-03 4.152229999999999810e-02
-6.270249999999999435e-02 2.006470000000000215e-03 4.165859999999999702e-02
-6.277549999999999797e-02 2.023050000000000195e-03 4.179499999999999882e-02
-6.284820000000000684e-02 2.039659999999999997e-03 4.193159999999999943e-02
-6.292069999999999608e-02 2.056300000000000055e-03 4.206830000000000291e-02
-6.299290000000000445e-02 2.072969999999999934e-03 4.220519999999999827e-02
-6.306489999999999319e-02 2.089670000000000069e-03 4.234229999999999938e-02
-6.313670000000000393e-02 2.106409999999999966e-03 4.247950000000000337e-02
-6.320829999999999504e-02 2.123170000000000179e-03 4.261689999999999923e-02
-6.327950000000000241e-02 2.140110000000000189e-03 4.275439999999999796e-02
-6.335029999999999828e-02 2.157370000000000034e-03 4.289219999999999838e-02
-6.342079999999999940e-02 2.174660000000000135e-03 4.303010000000000168e-02
-6.349109999999999476e-02 2.191989999999999997e-03 4.316819999999999685e-02
-6.356119999999999826e-02 2.209340000000000175e-03 4.330640000000000184e-02
-6.363109999999999600e-02 2.226730000000000115e-03 4.344479999999999870e-02
-6.370069999999999899e-02 2.244149999999999878e-03 4.358329999999999843e-02
-6.377009999999999623e-02 2.261599999999999895e-03 4.372199999999999698e-02
-6.383919999999999872e-02 2.279080000000000168e-03 4.386090000000000128e-02
-6.390819999999999834e-02 2.296600000000000204e-03 4.399990000000000151e-02
-6.397690000000000321e-02 2.314140000000000121e-03 4.413899999999999768e-02
-6.404529999999999945e-02 2.331719999999999800e-03 4.427829999999999960e-02
-6.411360000000000670e-02 2.349319999999999794e-03 4.441780000000000034e-02
-6.418160000000000531e-02 2.366959999999999984e-03 4.455739999999999701e-02
-6.424929999999999530e-02 2.384629999999999996e-03 4.469709999999999656e-02
-6.431689999999999630e-02 2.402329999999999830e-03 4.483709999999999779e-02
-6.438420000000000254e-02 2.420059999999999920e-03 4.497709999999999902e-02
-6.445130000000000303e-02 2.437819999999999831e-03 4.511729999999999907e-02
-6.451809999999999490e-02 2.455609999999999998e-03 4.525769999999999793e-02
-6.458469999999999489e-02 2.473429999999999986e-03 4.539819999999999967e-02
-6.465110000000000301e-02 2.491279999999999797e-03 4.553890000000000021e-02
-6.471720000000000250e-02 2.509159999999999863e-03 4.567969999999999670e-02
-6.478309999999999624e-02 2.527080000000000125e-03 4.582060000000000299e-02
-6.484879999999999811e-02 2.545019999999999834e-03 4.596170000000000117e-02
-6.491420000000000523e-02 2.562989999999999800e-03 4.610299999999999815e-02
-6.497940000000000660e-02 2.580990000000000020e-03 4.624439999999999801e-02
-6.504440000000000222e-02 2.599030000000000003e-03 4.638590000000000074e-02
-6.510910000000000308e-02 2.617089999999999868e-03 4.652760000000000229e-02
-6.517359999999999820e-02 2.635179999999999988e-03 4.666950000000000265e-02
-6.523790000000000144e-02 2.653309999999999870e-03 4.681149999999999894e-02
-6.530189999999999606e-02 2.671460000000000067e-03 4.695359999999999812e-02
-6.536569999999999880e-02 2.689640000000000086e-03 4.709590000000000304e-02
-6.542929999999999580e-02 2.707849999999999927e-03 4.723829999999999696e-02
-6.549259999999999804e-02 2.726090000000000024e-03 4.738089999999999663e-02
-6.555560000000000553e-02 2.744359999999999942e-03 4.752359999999999918e-02
-6.561849999999999627e-02 2.762660000000000116e-03 4.766639999999999766e-02
-6.568110000000000614e-02 2.780990000000000111e-03 4.780940000000000190e-02
-6.574339999999999351e-02 2.799349999999999929e-03 4.795259999999999800e-02
-6.580560000000000576e-02 2.817740000000000002e-03 4.809589999999999699e-02
-6.586749999999999550e-02 2.836149999999999956e-03 4.823929999999999885e-02
-6.592910000000000437e-02 2.854600000000000106e-03 4.838289999999999952e-02
-6.599049999999999361e-02 2.873070000000000138e-03 4.852660000000000307e-02
-6.605170000000000485e-02 2.891579999999999932e-03 4.867040000000000255e-02
-6.611259999999999359e-02 2.910110000000000040e-03 4.881440000000000085e-02
-6.617330000000000434e-02 2.928669999999999971e-03 4.895859999999999795e-02
-6.623370000000000646e-02 2.947260000000000157e-03 4.910280000000000200e-02
-6.629400000000000570e-02 2.965869999999999791e-03 4.924719999999999792e-02
-6.635389999999999344e-02 2.984520000000000055e-03 4.939179999999999959e-02
-6.641370000000000606e-02 3.003190000000000200e-03 4.953649999999999720e-02
-6.647309999999999330e-02 3.021900000000000107e-03 4.968129999999999769e-02
-6.653240000000000542e-02 3.040629999999999895e-03 4.982629999999999698e-02
-6.659139999999999504e-02 3.059389999999999939e-03 4.997139999999999915e-02
-6.665020000000000666e-02 3.078169999999999865e-03 5.011659999999999726e-02
-6.670869999999999578e-02 3.096989999999999986e-03 5.026200000000000112e-02
-6.676690000000000402e-02 3.115829999999999989e-03 5.040750000000000092e-02
-6.682499999999999551e-02 3.134699999999999813e-03 5.055319999999999953e-02
-6.688280000000000614e-02 3.153599999999999893e-03 5.069900000000000101e-02
-6.694029999999999425e-02 3.172529999999999795e-03 5.084489999999999843e-02
-6.699739999999999862e-02 3.191620000000000047e-03 5.099120000000000041e-02
-6.705400000000000249e-02 3.210900000000000039e-03 5.113770000000000121e-02
-6.711040000000000061e-02 3.230209999999999852e-03 5.128440000000000082e-02
-6.716650000000000398e-02 3.249549999999999921e-03 5.143129999999999924e-02
-6.722229999999999872e-02 3.268909999999999871e-03 5.157830000000000054e-02
-6.727790000000000159e-02 3.288300000000000077e-03 5.172539999999999777e-02
-6.733329999999999871e-02 3.307720000000000105e-03 5.187259999999999788e-02
-6.738840000000000108e-02 3.327169999999999954e-03 5.201999999999999680e-02
-6.744329999999999770e-02 3.346640000000000118e-03 5.216749999999999859e-02
-6.749800000000000244e-02 3.366140000000000104e-03 5.231510000000000327e-02
-6.755239999999999856e-02 3.385669999999999912e-03 5.246289999999999981e-02
-6.760649999999999993e-02 3.405220000000000035e-03 5.261079999999999923e-02
-6.766039999999999555e-02 3.424809999999999920e-03 5.275880000000000153e-02
-6.771399999999999642e-02 3.444420000000000120e-03 5.290700000000000264e-02
-6.776740000000000541e-02 3.464050000000000202e-03 5.305529999999999968e-02
-6.782059999999999478e-02 3.483710000000000105e-03 5.320369999999999960e-02
-6.787350000000000327e-02 3.503399999999999830e-03 5.335220000000000240e-02
-6.792620000000000602e-02 3.523119999999999811e-03 5.350089999999999707e-02
-6.797860000000000014e-02 3.542860000000000106e-03 5.364970000000000155e-02
-6.803069999999999951e-02 3.562629999999999790e-03 5.379860000000000197e-02
-6.808259999999999312e-02 3.582419999999999789e-03 5.394770000000000121e-02
-6.813429999999999487e-02 3.602240000000000043e-03 5.409680000000000044e-02
-6.818570000000000186e-02 3.622090000000000119e-03 5.424609999999999849e-02
-6.823690000000000311e-02 3.641960000000000076e-03 5.439560000000000228e-02
-6.828779999999999573e-02 3.661859999999999855e-03 5.454509999999999914e-02
-6.833849999999999647e-02 3.681779999999999949e-03 5.469480000000000175e-02
-6.838890000000000247e-02 3.701739999999999805e-03 5.484460000000000029e-02
-6.843910000000000271e-02 3.721710000000000036e-03 5.499450000000000172e-02
-6.848899999999999433e-02 3.741710000000000088e-03 5.514460000000000195e-02
-6.853860000000000507e-02 3.761739999999999962e-03 5.529479999999999812e-02
-6.858799999999999619e-02 3.781790000000000151e-03 5.544509999999999716e-02
-6.863719999999999544e-02 3.801870000000000163e-03 5.559549999999999909e-02
-6.868609999999999993e-02 3.821979999999999995e-03 5.574599999999999694e-02
-6.873479999999999868e-02 3.842110000000000143e-03 5.589670000000000055e-02
-6.878320000000000267e-02 3.862260000000000172e-03 5.604750000000000010e-02
-6.883140000000000092e-02 3.882440000000000023e-03 5.619840000000000252e-02
-6.887930000000000441e-02 3.902650000000000129e-03 5.634940000000000088e-02
-6.892689999999999928e-02 3.922880000000000117e-03 5.650059999999999805e-02
-6.897430000000000228e-02 3.943130000000000419e-03 5.665180000000000216e-02
-6.902149999999999952e-02 3.963409999999999676e-03 5.680319999999999814e-02
-6.906840000000000201e-02 3.983709999999999682e-03 5.695469999999999700e-02
-6.911499999999999588e-02 4.004040000000000377e-03 5.710629999999999873e-02
-6.916139999999999788e-02 4.024400000000000026e-03 5.725809999999999927e-02
-6.920750000000000512e-02 4.044769999999999616e-03 5.740989999999999982e-02
-6.925340000000000662e-02 4.065179999999999835e-03 5.756189999999999918e-02
-6.929899999999999949e-02 4.085599999999999996e-03 5.771400000000000141e-02
-6.934440000000000048e-02 4.106049999999999978e-03 5.786619999999999958e-02
-6.938950000000000673e-02 4.126529999999999782e-03 5.801859999999999656e-02
-6.943439999999999335e-02 4.147030000000000334e-03 5.817100000000000048e-02
-6.947899999999999909e-02 4.167549999999999900e-03 5.832360000000000322e-02
-6.952329999999999621e-02 4.188100000000000156e-03 5.847619999999999901e-02
-6.956740000000000146e-02 4.208670000000000293e-03 5.862900000000000056e-02
-6.961130000000000095e-02 4.229260000000000311e-03 5.878189999999999804e-02
-6.965490000000000570e-02 4.249880000000000151e-03 5.893489999999999840e-02
-6.969820000000000182e-02 4.270529999999999812e-03 5.908809999999999757e-02
-6.974130000000000607e-02 4.291190000000000282e-03 5.924129999999999674e-02
-6.978410000000000168e-02 4.311879999999999706e-03 5.939470000000000166e-02
-6.982670000000000543e-02 4.332589999999999879e-03 5.954820000000000252e-02
-6.986879999999999480e-02 4.353509999999999672e-03 5.970199999999999813e-02
-6.991060000000000330e-02 4.374560000000000427e-03 5.985610000000000236e-02
-6.995220000000000604e-02 4.395630000000000197e-03 6.001030000000000253e-02
-6.999350000000000016e-02 4.416729999999999788e-03 6.016470000000000151e-02
-7.003460000000000241e-02 4.437850000000000128e-03 6.031910000000000049e-02
-7.007529999999999315e-02 4.458990000000000349e-03 6.047369999999999829e-02
-7.011589999999999490e-02 4.480160000000000392e-03 6.062830000000000302e-02
-7.015609999999999902e-02 4.501350000000000316e-03 6.078309999999999963e-02
-7.019620000000000026e-02 4.522560000000000122e-03 6.093799999999999911e-02
-7.023590000000000388e-02 4.543799999999999749e-03 6.109300000000000147e-02
-7.027540000000000175e-02 4.565060000000000125e-03 6.124809999999999977e-02
-7.031460000000000488e-02 4.586340000000000382e-03 6.140330000000000094e-02
-7.035360000000000225e-02 4.607639999999999653e-03 6.155859999999999804e-02
-7.039230000000000487e-02 4.628969999999999613e-03 6.171399999999999803e-02
-7.043080000000000174e-02 4.650320000000000321e-03 6.186950000000000088e-02
-7.046900000000000386e-02 4.671690000000000044e-03 6.202520000000000255e-02
-7.050689999999999735e-02 4.693079999999999648e-03 6.218089999999999729e-02
-7.054459999999999897e-02 4.714499999999999941e-03 6.233670000000000183e-02
-7.058200000000000585e-02 4.735930000000000174e-03 6.249269999999999825e-02
-7.061910000000000409e-02 4.757390000000000230e-03 6.264870000000000161e-02
-7.065599999999999659e-02 4.778880000000000107e-03 6.280489999999999684e-02
-7.069259999999999433e-02 4.800379999999999925e-03 6.296110000000000595e-02
-7.072900000000000020e-02 4.821910000000000432e-03 6.311750000000000693e-02
-7.076509999999999745e-02 4.843450000000000012e-03 6.327389999999999404e-02
-7.080089999999999995e-02 4.865020000000000282e-03 6.343050000000000077e-02
-7.083649999999999669e-02 4.886620000000000373e-03 6.358719999999999650e-02
-7.087179999999999869e-02 4.908230000000000405e-03 6.374390000000000611e-02
-7.090689999999999493e-02 4.929860000000000318e-03 6.390079999999999372e-02
-7.094159999999999355e-02 4.951520000000000053e-03 6.405779999999999808e-02
-7.097620000000000318e-02 4.973189999999999729e-03 6.421480000000000243e-02
-7.101040000000000130e-02 4.994890000000000094e-03 6.437199999999999867e-02
-7.104439999999999367e-02 5.016610000000000340e-03 6.452929999999999777e-02
-7.107819999999999416e-02 5.038349999999999600e-03 6.468659999999999688e-02
-7.111159999999999703e-02 5.060109999999999608e-03 6.484410000000000174e-02
-7.114479999999999416e-02 5.081890000000000365e-03 6.500160000000000660e-02
-7.117779999999999940e-02 5.103700000000000077e-03 6.515930000000000333e-02
-7.121039999999999315e-02 5.125519999999999729e-03 6.531700000000000006e-02
-7.124289999999999790e-02 5.147360000000000130e-03 6.547490000000000254e-02
-7.127500000000000502e-02 5.169230000000000352e-03 6.563280000000000503e-02
-7.130690000000000639e-02 5.191109999999999648e-03 6.579089999999999938e-02
-7.133849999999999913e-02 5.213019999999999633e-03 6.594899999999999374e-02
-7.136979999999999713e-02 5.234940000000000426e-03 6.610720000000000485e-02
-7.140090000000000325e-02 5.256890000000000174e-03 6.626559999999999395e-02
-7.143170000000000075e-02 5.278859999999999802e-03 6.642399999999999693e-02
-7.146230000000000637e-02 5.300840000000000239e-03 6.658250000000000279e-02
-7.149260000000000337e-02 5.322849999999999630e-03 6.674109999999999765e-02
-7.152260000000000562e-02 5.344869999999999829e-03 6.689979999999999538e-02
-7.155240000000000211e-02 5.366919999999999850e-03 6.705859999999999599e-02
-7.158180000000000098e-02 5.388979999999999812e-03 6.721749999999999947e-02
-7.161109999999999698e-02 5.411069999999999595e-03 6.737650000000000583e-02
-7.163999999999999535e-02 5.433170000000000187e-03 6.753549999999999831e-02
-7.166870000000000185e-02 5.455299999999999733e-03 6.769469999999999654e-02
-7.169709999999999972e-02 5.477440000000000087e-03 6.785389999999999477e-02
-7.172530000000000572e-02 5.499600000000000322e-03 6.801329999999999876e-02
-7.175320000000000309e-02 5.521790000000000379e-03 6.817270000000000274e-02
-7.178080000000000571e-02 5.543990000000000376e-03 6.833219999999999572e-02
-7.180809999999999971e-02 5.566210000000000255e-03 6.849180000000000546e-02
-7.183520000000000183e-02 5.588440000000000074e-03 6.865150000000000419e-02
-7.186180000000000345e-02 5.610699999999999715e-03 6.881139999999999479e-02
-7.188809999999999645e-02 5.632970000000000164e-03 6.897140000000000215e-02
-7.191409999999999469e-02 5.655259999999999627e-03 6.913149999999999851e-02
-7.193990000000000107e-02 5.677559999999999898e-03 6.929169999999999774e-02
-7.196529999999999594e-02 5.699889999999999991e-03 6.945199999999999985e-02
-7.199049999999999894e-02 5.722239999999999965e-03 6.961230000000000195e-02
-7.201549999999999618e-02 5.744599999999999880e-03 6.977279999999999593e-02
-7.204009999999999581e-02 5.766979999999999676e-03 6.993330000000000379e-02
-7.206450000000000355e-02 5.789380000000000220e-03 7.009390000000000065e-02
-7.208870000000000555e-02 5.811799999999999779e-03 7.025460000000000038e-02
-7.211249999999999605e-02 5.834240000000000086e-03 7.041540000000000299e-02
-7.213609999999999467e-02 5.856700000000000274e-03 7.057620000000000560e-02
-7.215939999999999854e-02 5.879170000000000403e-03 7.073720000000000008e-02
-7.218249999999999666e-02 5.901670000000000353e-03 7.089819999999999456e-02
-7.220530000000000004e-02 5.924180000000000244e-03 7.105930000000000579e-02
-7.222779999999999478e-02 5.946710000000000017e-03 7.122050000000000602e-02
-7.224999999999999478e-02 5.969249999999999730e-03 7.138170000000000626e-02
-7.227200000000000291e-02 5.991820000000000132e-03 7.154309999999999836e-02
-7.229370000000000240e-02 6.014399999999999608e-03 7.170450000000000434e-02
-7.231509999999999327e-02 6.036999999999999832e-03 7.186599999999999933e-02
-7.233620000000000327e-02 6.059619999999999937e-03 7.202759999999999718e-02
-7.235709999999999364e-02 6.082249999999999983e-03 7.218929999999999791e-02
-7.237770000000000314e-02 6.104899999999999910e-03 7.235099999999999865e-02
-7.239810000000000689e-02 6.127569999999999718e-03 7.251280000000000225e-02
-7.241809999999999914e-02 6.150260000000000275e-03 7.267469999999999486e-02
-7.243789999999999951e-02 6.172959999999999905e-03 7.283670000000000422e-02
-7.245740000000000514e-02 6.195680000000000284e-03 7.299869999999999970e-02
-7.247670000000000501e-02 6.218419999999999677e-03 7.316090000000000093e-02
-7.249559999999999338e-02 6.241169999999999878e-03 7.332310000000000216e-02
-7.251430000000000375e-02 6.263939999999999959e-03 7.348540000000000627e-02
-7.253279999999999450e-02 6.286729999999999922e-03 7.364769999999999650e-02
-7.255090000000000150e-02 6.309539999999999767e-03 7.381010000000000348e-02
-7.256880000000000275e-02 6.332360000000000419e-03 7.397259999999999946e-02
-7.258639999999999537e-02 6.355190000000000144e-03 7.413519999999999832e-02
-7.260369999999999324e-02 6.378049999999999692e-03 7.429790000000000005e-02
-7.262079999999999924e-02 6.400920000000000047e-03 7.446060000000000179e-02
-7.263759999999999661e-02 6.423800000000000343e-03 7.462340000000000639e-02
-7.265409999999999924e-02 6.446699999999999653e-03 7.478619999999999712e-02
-7.267029999999999323e-02 6.469619999999999711e-03 7.494919999999999360e-02
-7.268629999999999536e-02 6.492549999999999710e-03 7.511220000000000396e-02
-7.270200000000000273e-02 6.515499999999999590e-03 7.527530000000000332e-02
-7.271740000000000148e-02 6.538470000000000219e-03 7.543840000000000268e-02
-7.273250000000000548e-02 6.561449999999999921e-03 7.560160000000000491e-02
-7.274740000000000373e-02 6.584450000000000372e-03 7.576489999999999614e-02
-7.276199999999999335e-02 6.607459999999999896e-03 7.592830000000000412e-02
-7.277630000000000210e-02 6.630480000000000228e-03 7.609169999999999823e-02
-7.279030000000000222e-02 6.653530000000000381e-03 7.625519999999999521e-02
-7.280409999999999660e-02 6.676579999999999668e-03 7.641870000000000607e-02
-7.281759999999999622e-02 6.699659999999999643e-03 7.658239999999999492e-02
-7.283080000000000109e-02 6.722739999999999619e-03 7.674609999999999765e-02
-7.284369999999999734e-02 6.745840000000000343e-03 7.690980000000000039e-02
-7.285640000000000172e-02 6.768960000000000081e-03 7.707369999999999499e-02
-7.286879999999999746e-02 6.792089999999999760e-03 7.723760000000000348e-02
-7.288089999999999846e-02 6.815240000000000187e-03 7.740149999999999808e-02
-7.289270000000000471e-02 6.838399999999999687e-03 7.756549999999999556e-02
-7.290430000000000521e-02 6.861579999999999936e-03 7.772959999999999592e-02
-7.291559999999999708e-02 6.884770000000000126e-03 7.789379999999999915e-02
-7.292659999999999421e-02 6.907970000000000256e-03 7.805800000000000238e-02
-7.293719999999999370e-02 6.931310000000000422e-03 7.822239999999999749e-02
-7.294760000000000133e-02 6.954680000000000410e-03 7.838680000000000647e-02
-7.295770000000000033e-02 6.978060000000000339e-03 7.855130000000000445e-02
-7.296759999999999358e-02 7.001450000000000208e-03 7.871590000000000531e-02
-7.297710000000000308e-02 7.024859999999999959e-03 7.888050000000000617e-02
-7.298640000000000683e-02 7.048279999999999650e-03 7.904519999999999602e-02
-7.299540000000000195e-02 7.071720000000000089e-03 7.920989999999999975e-02
-7.300410000000000232e-02 7.095169999999999602e-03 7.937479999999999536e-02
-7.301249999999999407e-02 7.118629999999999923e-03 7.953960000000000197e-02
-7.302069999999999395e-02 7.142110000000000125e-03 7.970449999999999757e-02
-7.302859999999999907e-02 7.165600000000000268e-03 7.986949999999999605e-02
-7.303619999999999557e-02 7.189100000000000351e-03 8.003459999999999741e-02
-7.304349999999999732e-02 7.212620000000000316e-03 8.019969999999999877e-02
-7.305059999999999332e-02 7.236150000000000221e-03 8.036480000000000012e-02
-7.305730000000000557e-02 7.259700000000000007e-03 8.053000000000000436e-02
-7.306379999999999819e-02 7.283259999999999734e-03 8.069529999999999759e-02
-7.306999999999999607e-02 7.306830000000000269e-03 8.086060000000000469e-02
-7.307600000000000207e-02 7.330409999999999877e-03 8.102600000000000080e-02
-7.308159999999999656e-02 7.354010000000000234e-03 8.119149999999999978e-02
-7.308699999999999919e-02 7.377619999999999664e-03 8.135699999999999876e-02
-7.309209999999999319e-02 7.401239999999999902e-03 8.152249999999999774e-02
-7.309690000000000631e-02 7.424880000000000022e-03 8.168809999999999960e-02
-7.310139999999999694e-02 7.448530000000000081e-03 8.185380000000000433e-02
-7.310569999999999569e-02 7.472190000000000082e-03 8.201949999999999519e-02
-7.310969999999999969e-02 7.495860000000000023e-03 8.218519999999999992e-02
-7.311339999999999506e-02 7.519549999999999845e-03 8.235099999999999365e-02
-7.311679999999999569e-02 7.543249999999999608e-03 8.251690000000000413e-02
-7.311990000000000156e-02 7.566960000000000179e-03 8.268280000000000074e-02
-7.312280000000000169e-02 7.590679999999999823e-03 8.284880000000000022e-02
-7.312530000000000419e-02 7.614410000000000275e-03 8.301479999999999970e-02
-7.312760000000000093e-02 7.638159999999999741e-03 8.318090000000000206e-02
-7.312960000000000294e-02 7.661920000000000015e-03 8.334700000000000442e-02
-7.313139999999999918e-02 7.685690000000000230e-03 8.351310000000000677e-02
-7.313279999999999781e-02 7.709470000000000385e-03 8.367929999999999813e-02
-7.313400000000000456e-02 7.733259999999999613e-03 8.384560000000000624e-02
-7.313490000000000268e-02 7.757069999999999591e-03 8.401190000000000047e-02
-7.313550000000000606e-02 7.780879999999999568e-03 8.417829999999999757e-02
-7.313580000000000081e-02 7.804710000000000293e-03 8.434469999999999468e-02
-7.313590000000000368e-02 7.828550000000000092e-03 8.451110000000000566e-02
-7.313559999999999506e-02 7.852400000000000699e-03 8.467760000000000564e-02
-7.313509999999999456e-02 7.876259999999999512e-03 8.484419999999999462e-02
-7.313429999999999931e-02 7.900130000000000000e-03 8.501069999999999460e-02
-7.313319999999999543e-02 7.924010000000000428e-03 8.517740000000000034e-02
-7.313189999999999968e-02 7.947910000000000738e-03 8.534410000000000607e-02
-7.313020000000000631e-02 7.971809999999999313e-03 8.551079999999999792e-02
-7.312829999999999331e-02 7.995729999999999504e-03 8.567750000000000365e-02
-7.312609999999999943e-02 8.019649999999999695e-03 8.584429999999999839e-02
-7.312359999999999693e-02 8.043589999999999768e-03 8.601119999999999599e-02
-7.312079999999999969e-02 8.067529999999999840e-03 8.617809999999999360e-02
-7.311769999999999381e-02 8.091489999999999794e-03 8.634500000000000508e-02
-7.311439999999999606e-02 8.115449999999999747e-03 8.651200000000000556e-02
-7.311070000000000069e-02 8.139379999999999879e-03 8.667900000000000604e-02
-7.310669999999999669e-02 8.163240000000000426e-03 8.684590000000000365e-02
-7.310239999999999794e-02 8.187099999999999239e-03 8.701290000000000413e-02
-7.309789999999999344e-02 8.210979999999999668e-03 8.717999999999999361e-02
-7.309300000000000519e-02 8.234860000000000096e-03 8.734709999999999697e-02
-7.308789999999999731e-02 8.258760000000000406e-03 8.751420000000000032e-02
-7.308249999999999469e-02 8.282660000000000716e-03 8.768130000000000368e-02
-7.307679999999999731e-02 8.306579999999999173e-03 8.784849999999999604e-02
-7.307080000000000519e-02 8.330499999999999364e-03 8.801580000000000514e-02
-7.306450000000000444e-02 8.354429999999999495e-03 8.818310000000000037e-02
-7.305789999999999507e-02 8.378379999999999508e-03 8.835039999999999560e-02
-7.305109999999999382e-02 8.402329999999999521e-03 8.851770000000000471e-02
-7.304399999999999782e-02 8.426289999999999475e-03 8.868510000000000282e-02
-7.303659999999999319e-02 8.450259999999999369e-03 8.885250000000000092e-02
-7.302889999999999382e-02 8.474239999999999204e-03 8.901989999999999903e-02
-7.302089999999999970e-02 8.498230000000000714e-03 8.918740000000000001e-02
-7.301269999999999982e-02 8.522230000000000430e-03 8.935490000000000099e-02
-7.300410000000000232e-02 8.546240000000000087e-03 8.952250000000000485e-02
-7.299529999999999907e-02 8.570249999999999743e-03 8.969009999999999483e-02
-7.298620000000000108e-02 8.594279999999999281e-03 8.985769999999999869e-02
-7.297679999999999445e-02 8.618310000000000554e-03 9.002530000000000254e-02
-7.296709999999999308e-02 8.642350000000000032e-03 9.019299999999999540e-02
-7.295719999999999983e-02 8.666399999999999451e-03 9.036070000000000213e-02
-7.294689999999999508e-02 8.690460000000000546e-03 9.052849999999999786e-02
-7.293639999999999846e-02 8.714519999999999905e-03 9.069620000000000459e-02
-7.292559999999999321e-02 8.738599999999999146e-03 9.086400000000000032e-02
-7.291449999999999321e-02 8.762680000000000122e-03 9.103179999999999605e-02
-7.290309999999999846e-02 8.786769999999999303e-03 9.119969999999999466e-02
-7.289139999999999509e-02 8.810870000000000160e-03 9.136759999999999327e-02
-7.287949999999999984e-02 8.834969999999999282e-03 9.153550000000000575e-02
-7.286729999999999596e-02 8.859080000000000080e-03 9.170340000000000436e-02
-7.285469999999999446e-02 8.883200000000000818e-03 9.187140000000000584e-02
-7.284190000000000109e-02 8.907329999999999762e-03 9.203939999999999344e-02
-7.282879999999999909e-02 8.931470000000000381e-03 9.220739999999999492e-02
-7.281540000000000235e-02 8.955609999999999266e-03 9.237549999999999928e-02
-7.280179999999999985e-02 8.979759999999999825e-03 9.254350000000000076e-02
-7.278779999999999972e-02 9.003920000000000326e-03 9.271160000000000512e-02
-7.277359999999999385e-02 9.028080000000000827e-03 9.287969999999999560e-02
-7.275909999999999322e-02 9.052249999999999533e-03 9.304790000000000283e-02
-7.274429999999999785e-02 9.076429999999999915e-03 9.321599999999999331e-02
-7.272919999999999385e-02 9.100610000000000296e-03 9.338420000000000054e-02
-7.271379999999999511e-02 9.124800000000000619e-03 9.355239999999999390e-02
-7.269810000000000161e-02 9.148999999999999147e-03 9.372070000000000400e-02
-7.268220000000000236e-02 9.173209999999999351e-03 9.388889999999999736e-02
-7.266569999999999974e-02 9.197429999999999495e-03 9.405719999999999359e-02
-7.264879999999999949e-02 9.221669999999999520e-03 9.422560000000000657e-02
-7.263169999999999349e-02 9.245909999999999546e-03 9.439390000000000280e-02
-7.261430000000000662e-02 9.270159999999999512e-03 9.456230000000000191e-02
-7.259659999999999724e-02 9.294409999999999478e-03 9.473059999999999814e-02
-7.257859999999999312e-02 9.318669999999999384e-03 9.489899999999999725e-02
-7.256039999999999712e-02 9.342939999999999232e-03 9.506739999999999635e-02
-7.254180000000000350e-02 9.367210000000000814e-03 9.523589999999999833e-02
-7.252300000000000413e-02 9.391490000000000601e-03 9.540429999999999744e-02
-7.250389999999999613e-02 9.415780000000000330e-03 9.557279999999999942e-02
-7.248449999999999338e-02 9.440070000000000058e-03 9.574130000000000140e-02
-7.246479999999999588e-02 9.464359999999999787e-03 9.590980000000000338e-02
-7.244480000000000364e-02 9.488659999999999456e-03 9.607830000000000537e-02
-7.242450000000000276e-02 9.512970000000000800e-03 9.624679999999999347e-02
-7.240399999999999614e-02 9.537280000000000410e-03 9.641539999999999833e-02
-7.238310000000000577e-02 9.561599999999999960e-03 9.658390000000000031e-02
-7.236199999999999577e-02 9.585919999999999511e-03 9.675250000000000516e-02
-7.234060000000000490e-02 9.610250000000000736e-03 9.692109999999999614e-02
-7.231890000000000540e-02 9.634580000000000227e-03 9.708970000000000100e-02
-7.229689999999999728e-02 9.658919999999999659e-03 9.725830000000000586e-02
-7.227459999999999440e-02 9.683260000000000825e-03 9.742689999999999684e-02
-7.225199999999999678e-02 9.707610000000000197e-03 9.759550000000000169e-02
-7.222919999999999341e-02 9.731959999999999569e-03 9.776419999999999555e-02
-7.220609999999999529e-02 9.756320000000000617e-03 9.793280000000000041e-02
-7.218259999999999954e-02 9.780679999999999930e-03 9.810149999999999426e-02
-7.215889999999999804e-02 9.805039999999999242e-03 9.827020000000000199e-02
-7.213490000000000180e-02 9.829410000000000230e-03 9.843889999999999585e-02
-7.211059999999999692e-02 9.853779999999999484e-03 9.860750000000000071e-02
-7.208610000000000018e-02 9.878160000000000412e-03 9.877619999999999456e-02
-7.206120000000000581e-02 9.902539999999999606e-03 9.894490000000000229e-02
-7.203600000000000281e-02 9.926930000000000476e-03 9.911369999999999902e-02
-7.201059999999999406e-02 9.951319999999999610e-03 9.928240000000000676e-02
-7.198490000000000444e-02 9.975710000000000480e-03 9.945110000000000061e-02
-7.195890000000000619e-02 1.000009999999999961e-02 9.961979999999999447e-02
-7.193259999999999932e-02 1.002450000000000042e-02 9.978860000000000507e-02
-7.190599999999999770e-02 1.004889999999999950e-02 9.995729999999999893e-02
-7.187910000000000132e-02 1.007330000000000031e-02 1.001260000000000067e-01
-7.185189999999999633e-02 1.009769999999999938e-02 1.002949999999999953e-01
-7.182449999999999946e-02 1.012210000000000019e-02 1.004639999999999977e-01
-7.179679999999999396e-02 1.014660000000000041e-02 1.006319999999999992e-01
-7.176870000000000471e-02 1.017099999999999949e-02 1.008010000000000017e-01
-7.174039999999999584e-02 1.019540000000000030e-02 1.009700000000000042e-01
-7.171180000000000609e-02 1.021979999999999937e-02 1.011390000000000067e-01
-7.168280000000000485e-02 1.024420000000000018e-02 1.013069999999999943e-01
-7.165340000000000598e-02 1.026859999999999926e-02 1.014759999999999968e-01
-7.162359999999999560e-02 1.029290000000000066e-02 1.016449999999999992e-01
-7.159359999999999336e-02 1.031729999999999974e-02 1.018130000000000007e-01
-7.156329999999999636e-02 1.034159999999999940e-02 1.019820000000000032e-01
-7.153270000000000461e-02 1.036600000000000021e-02 1.021510000000000057e-01
-7.150180000000000424e-02 1.039039999999999929e-02 1.023189999999999933e-01
-7.147059999999999524e-02 1.041470000000000069e-02 1.024879999999999958e-01
-7.143919999999999437e-02 1.043909999999999977e-02 1.026559999999999973e-01
-7.140739999999999588e-02 1.046350000000000058e-02 1.028249999999999997e-01
-7.137540000000000551e-02 1.048780000000000025e-02 1.029940000000000022e-01
-7.134300000000000364e-02 1.051219999999999932e-02 1.031620000000000037e-01
-7.131039999999999601e-02 1.053660000000000013e-02 1.033310000000000062e-01
-7.127749999999999364e-02 1.056099999999999921e-02 1.034999999999999948e-01
-7.124429999999999652e-02 1.058530000000000061e-02 1.036679999999999963e-01
-7.121089999999999365e-02 1.060969999999999969e-02 1.038369999999999987e-01
-7.117709999999999315e-02 1.063410000000000050e-02 1.040050000000000002e-01
-7.114299999999999791e-02 1.065849999999999957e-02 1.041740000000000027e-01
-7.110869999999999691e-02 1.068290000000000038e-02 1.043420000000000042e-01
-7.107410000000000116e-02 1.070729999999999946e-02 1.045110000000000067e-01
-7.103909999999999392e-02 1.073160000000000086e-02 1.046799999999999953e-01
-7.100389999999999480e-02 1.075599999999999994e-02 1.048479999999999968e-01
-7.096840000000000093e-02 1.078040000000000075e-02 1.050169999999999992e-01
-7.093259999999999843e-02 1.080479999999999982e-02 1.051850000000000007e-01
-7.089660000000000406e-02 1.082920000000000063e-02 1.053540000000000032e-01
-7.086019999999999819e-02 1.085359999999999971e-02 1.055220000000000047e-01
-7.082360000000000044e-02 1.087800000000000052e-02 1.056909999999999933e-01
-7.078660000000000507e-02 1.090239999999999959e-02 1.058589999999999948e-01
-7.074940000000000395e-02 1.092680000000000040e-02 1.060279999999999972e-01
-7.071189999999999420e-02 1.095119999999999948e-02 1.061959999999999987e-01
-7.067410000000000359e-02 1.097549999999999915e-02 1.063650000000000012e-01
-7.063600000000000434e-02 1.099989999999999996e-02 1.065330000000000027e-01
-7.059759999999999647e-02 1.102430000000000077e-02 1.067020000000000052e-01
-7.055889999999999385e-02 1.104869999999999984e-02 1.068700000000000067e-01
-7.051999999999999935e-02 1.107310000000000065e-02 1.070379999999999943e-01
-7.048069999999999335e-02 1.109749999999999973e-02 1.072069999999999967e-01
-7.044119999999999548e-02 1.112190000000000054e-02 1.073749999999999982e-01
-7.040140000000000287e-02 1.114629999999999961e-02 1.075429999999999997e-01
-7.036130000000000162e-02 1.117070000000000042e-02 1.077120000000000022e-01
-7.032090000000000563e-02 1.119509999999999950e-02 1.078800000000000037e-01
-7.028020000000000100e-02 1.121950000000000031e-02 1.080480000000000051e-01
-7.023920000000000163e-02 1.124379999999999998e-02 1.082169999999999938e-01
-7.019789999999999364e-02 1.126820000000000078e-02 1.083849999999999952e-01
-7.015639999999999377e-02 1.129259999999999986e-02 1.085529999999999967e-01
-7.011439999999999340e-02 1.131700000000000067e-02 1.087209999999999982e-01
-7.007209999999999828e-02 1.134149999999999915e-02 1.088900000000000007e-01
-7.002949999999999453e-02 1.136589999999999996e-02 1.090580000000000022e-01
-6.998659999999999604e-02 1.139040000000000018e-02 1.092260000000000036e-01
-6.994350000000000567e-02 1.141479999999999925e-02 1.093940000000000051e-01
-6.990000000000000380e-02 1.143920000000000006e-02 1.095620000000000066e-01
-6.985619999999999330e-02 1.146370000000000028e-02 1.097299999999999942e-01
-6.981220000000000481e-02 1.148809999999999935e-02 1.098979999999999957e-01
-6.976780000000000481e-02 1.151259999999999957e-02 1.100659999999999972e-01
-6.972319999999999907e-02 1.153700000000000038e-02 1.102339999999999987e-01
-6.967819999999999570e-02 1.156150000000000060e-02 1.104020000000000001e-01
-6.963300000000000045e-02 1.158589999999999967e-02 1.105700000000000016e-01
-6.958739999999999370e-02 1.161030000000000048e-02 1.107380000000000031e-01
-6.954159999999999509e-02 1.163480000000000070e-02 1.109060000000000046e-01
-6.949550000000000172e-02 1.165919999999999977e-02 1.110740000000000061e-01
-6.944909999999999972e-02 1.168369999999999999e-02 1.112419999999999937e-01
-6.940230000000000010e-02 1.170810000000000080e-02 1.114099999999999951e-01
-6.935529999999999473e-02 1.173259999999999928e-02 1.115769999999999956e-01
-6.930799999999999461e-02 1.175700000000000009e-02 1.117449999999999971e-01
-6.926039999999999974e-02 1.178150000000000031e-02 1.119129999999999986e-01
-6.921249999999999625e-02 1.180589999999999938e-02 1.120810000000000001e-01
-6.916429999999999800e-02 1.183030000000000019e-02 1.122480000000000006e-01
-6.911580000000000501e-02 1.185480000000000041e-02 1.124160000000000020e-01
-6.906710000000000627e-02 1.187919999999999948e-02 1.125840000000000035e-01
-6.901799999999999602e-02 1.190369999999999970e-02 1.127510000000000040e-01
-6.896860000000000490e-02 1.192810000000000051e-02 1.129190000000000055e-01
-6.891890000000000516e-02 1.195249999999999958e-02 1.130860000000000060e-01
-6.886899999999999966e-02 1.197699999999999980e-02 1.132539999999999936e-01
-6.881869999999999654e-02 1.200140000000000061e-02 1.134209999999999940e-01
-6.876820000000000155e-02 1.202579999999999968e-02 1.135889999999999955e-01
-6.871729999999999505e-02 1.205029999999999990e-02 1.137559999999999960e-01
-6.866619999999999668e-02 1.207470000000000071e-02 1.139229999999999965e-01
-6.861470000000000069e-02 1.209909999999999979e-02 1.140909999999999980e-01
-6.856299999999999895e-02 1.212350000000000060e-02 1.142579999999999985e-01
-6.851100000000000245e-02 1.214800000000000081e-02 1.144249999999999989e-01
-6.845869999999999733e-02 1.217239999999999989e-02 1.145919999999999994e-01
-6.840599999999999459e-02 1.219680000000000070e-02 1.147600000000000009e-01
-6.835309999999999997e-02 1.222119999999999977e-02 1.149270000000000014e-01
