0.000000000000000000e+00 -1.169999999999999937e-17 -2.612900000000000017e-17
-1.136590000000000040e-04 -4.969999999999999637e-07 -1.858989999999999967e-05
-2.249589999999999988e-04 -8.080000000000000566e-06 -7.238670000000000271e-05
-3.390980000000000253e-04 -1.949999999999999965e-05 -8.937000000000000662e-05
-4.594499999999999734e-04 -3.860000000000000312e-05 -7.614350000000000035e-05
-5.815980000000000108e-04 -4.630000000000000055e-05 -7.871900000000000305e-05
-7.031309999999999600e-04 -5.610000000000000159e-05 -9.012309999999999776e-05
-8.272209999999999459e-04 -6.729999999999999600e-05 -8.989269999999999401e-05
-9.541060000000000296e-04 -7.820000000000000345e-05 -8.267199999999999722e-05
-1.082389999999999915e-03 -8.930000000000000221e-05 -8.086260000000000062e-05
-1.210350000000000011e-03 -1.020280000000000064e-04 -7.722429999999999854e-05
-1.337059999999999941e-03 -1.153830000000000030e-04 -6.880680000000000671e-05
-1.462060000000000052e-03 -1.290499999999999926e-04 -6.016770000000000332e-05
-1.584759999999999945e-03 -1.434320000000000050e-04 -5.481279999999999806e-05
-1.703950000000000083e-03 -1.586260000000000090e-04 -4.957300000000000123e-05
-1.808549999999999915e-03 -1.738339999999999894e-04 -4.282690000000000157e-05
-1.921390000000000034e-03 -1.888989999999999951e-04 -3.591479999999999705e-05
-2.035879999999999895e-03 -2.033089999999999876e-04 -2.907900000000000060e-05
-2.149310000000000196e-03 -2.163939999999999885e-04 -2.206240000000000073e-05
-2.262160000000000039e-03 -2.281899999999999955e-04 -1.448160000000000040e-05
-2.373909999999999909e-03 -2.384370000000000077e-04 -5.634749999999999710e-06
-2.479499999999999933e-03 -2.459650000000000074e-04 5.637399999999999592e-06
-2.582539999999999922e-03 -2.504890000000000068e-04 1.872620000000000038e-05
-2.679739999999999900e-03 -2.518590000000000021e-04 3.450200000000000272e-05
-2.786809999999999808e-03 -2.535549999999999805e-04 5.013679999999999743e-05
-2.897240000000000145e-03 -2.569800000000000231e-04 6.581110000000000421e-05
-3.009239999999999832e-03 -2.633530000000000246e-04 8.125730000000000550e-05
-3.122600000000000115e-03 -2.719660000000000046e-04 9.654859999999999918e-05
-3.237700000000000040e-03 -2.821610000000000112e-04 1.119720000000000047e-04
-3.354300000000000163e-03 -2.933510000000000176e-04 1.281769999999999893e-04
-3.471670000000000051e-03 -3.047349999999999885e-04 1.429109999999999875e-04
-3.590040000000000071e-03 -3.175860000000000185e-04 1.562129999999999899e-04
-3.711460000000000193e-03 -3.310380000000000245e-04 1.699639999999999875e-04
-3.841970000000000107e-03 -3.442879999999999942e-04 1.844559999999999971e-04
-3.967059999999999684e-03 -3.577079999999999843e-04 1.989749999999999982e-04
-4.095309999999999576e-03 -3.710760000000000230e-04 2.129619999999999983e-04
-4.223949999999999753e-03 -3.840140000000000133e-04 2.264789999999999978e-04
-4.350249999999999950e-03 -3.964479999999999827e-04 2.397409999999999938e-04
-4.471789999999999793e-03 -4.081789999999999963e-04 2.525259999999999875e-04
-4.595319999999999960e-03 -4.191449999999999993e-04 2.655979999999999734e-04
-4.716539999999999969e-03 -4.293769999999999922e-04 2.789609999999999876e-04
-4.836520000000000402e-03 -4.386820000000000259e-04 2.930160000000000013e-04
-4.955470000000000014e-03 -4.473419999999999870e-04 3.077600000000000214e-04
-5.073010000000000193e-03 -4.553180000000000205e-04 3.233770000000000177e-04
-5.185949999999999935e-03 -4.627950000000000032e-04 3.396769999999999803e-04
-5.301270000000000288e-03 -4.695699999999999917e-04 3.576149999999999837e-04
-5.415539999999999937e-03 -4.755000000000000112e-04 3.762069999999999846e-04
-5.528429999999999976e-03 -4.805650000000000178e-04 3.953219999999999803e-04
-5.639560000000000059e-03 -4.844849999999999938e-04 4.154990000000000007e-04
-5.749230000000000139e-03 -4.884369999999999858e-04 4.361619999999999755e-04
-5.855729999999999963e-03 -4.933249999999999701e-04 4.576210000000000152e-04
-5.957910000000000289e-03 -4.991379999999999905e-04 4.804079999999999852e-04
-6.061350000000000071e-03 -5.063570000000000310e-04 5.031900000000000392e-04
-6.172699999999999715e-03 -5.153309999999999488e-04 5.246359999999999826e-04
-6.285380000000000134e-03 -5.252460000000000462e-04 5.455990000000000189e-04
-6.399519999999999688e-03 -5.357889999999999485e-04 5.659709999999999654e-04
-6.515039999999999720e-03 -5.467539999999999900e-04 5.857590000000000409e-04
-6.631859999999999838e-03 -5.577540000000000405e-04 6.049990000000000532e-04
-6.749540000000000053e-03 -5.682120000000000139e-04 6.235970000000000402e-04
-6.868189999999999712e-03 -5.781780000000000469e-04 6.417070000000000413e-04
-6.988710000000000408e-03 -5.872390000000000335e-04 6.601919999999999837e-04
-7.112099999999999672e-03 -5.950680000000000292e-04 6.794039999999999888e-04
-7.235860000000000208e-03 -6.019110000000000042e-04 6.992539999999999563e-04
-7.356739999999999634e-03 -6.080499999999999534e-04 7.196799999999999942e-04
-7.478049999999999975e-03 -6.133640000000000316e-04 7.410690000000000159e-04
-7.599039999999999614e-03 -6.185039999999999722e-04 7.630480000000000032e-04
-7.718990000000000226e-03 -6.241519999999999967e-04 7.855590000000000185e-04
-7.837260000000000407e-03 -6.301850000000000116e-04 8.082529999999999879e-04
-7.954589999999999231e-03 -6.365410000000000165e-04 8.309889999999999681e-04
-8.070920000000000524e-03 -6.431650000000000127e-04 8.537300000000000270e-04
-8.186250000000000818e-03 -6.499449999999999715e-04 8.764909999999999672e-04
-8.300359999999999683e-03 -6.566229999999999506e-04 8.992580000000000018e-04
-8.413050000000000042e-03 -6.633070000000000242e-04 9.223350000000000385e-04
-8.524729999999999461e-03 -6.699829999999999718e-04 9.457639999999999797e-04
-8.635689999999999686e-03 -6.767290000000000458e-04 9.694420000000000467e-04
-8.746349999999999958e-03 -6.837899999999999838e-04 9.934200000000000669e-04
-8.857230000000000658e-03 -6.910129999999999788e-04 1.017532000000000028e-03
-8.968689999999999649e-03 -6.983129999999999936e-04 1.041800000000000061e-03
-9.080960000000000767e-03 -7.057460000000000426e-04 1.066146999999999928e-03
-9.193839999999999998e-03 -7.132869999999999489e-04 1.090569999999999908e-03
-9.307519999999999682e-03 -7.207550000000000068e-04 1.115115000000000073e-03
-9.422069999999999404e-03 -7.278020000000000496e-04 1.139880000000000016e-03
-9.537449999999999400e-03 -7.344699999999999796e-04 1.164733000000000044e-03
-9.653649999999999731e-03 -7.409499999999999854e-04 1.189485000000000108e-03
-9.770559999999999315e-03 -7.470810000000000254e-04 1.214299999999999971e-03
-9.887929999999999636e-03 -7.525750000000000104e-04 1.239464999999999924e-03
-1.000580000000000046e-02 -7.576660000000000469e-04 1.264909999999999949e-03
-1.012399999999999932e-02 -7.627330000000000308e-04 1.290834999999999943e-03
-1.024229999999999932e-02 -7.675829999999999589e-04 1.317140000000000064e-03
-1.036040000000000051e-02 -7.721409999999999515e-04 1.343795000000000059e-03
-1.047780000000000065e-02 -7.765260000000000391e-04 1.370654999999999920e-03
-1.059429999999999920e-02 -7.808430000000000318e-04 1.397645000000000094e-03
-1.070909999999999918e-02 -7.853409999999999471e-04 1.424769999999999899e-03
-1.082310000000000043e-02 -7.901749999999999486e-04 1.452245000000000012e-03
-1.093620000000000009e-02 -7.953739999999999508e-04 1.480154999999999926e-03
-1.104860000000000043e-02 -8.009500000000000343e-04 1.508570000000000093e-03
-1.116039999999999914e-02 -8.070990000000000325e-04 1.537029999999999993e-03
-1.127180000000000022e-02 -8.136559999999999496e-04 1.565325000000000006e-03
-1.138300000000000076e-02 -8.203659999999999989e-04 1.592965000000000006e-03
-1.149440000000000010e-02 -8.270530000000000112e-04 1.620525000000000047e-03
-1.160600000000000000e-02 -8.334599999999999518e-04 1.648745000000000072e-03
-1.171829999999999920e-02 -8.404219999999999573e-04 1.676970000000000066e-03
-1.183129999999999946e-02 -8.474519999999999493e-04 1.704814999999999933e-03
-1.194489999999999962e-02 -8.533850000000000159e-04 1.732760000000000073e-03
-1.205939999999999963e-02 -8.596679999999999556e-04 1.760510000000000070e-03
-1.217449999999999956e-02 -8.649620000000000442e-04 1.788904999999999922e-03
-1.229000000000000058e-02 -8.693379999999999901e-04 1.817789999999999901e-03
-1.240579999999999981e-02 -8.728909999999999881e-04 1.847160000000000035e-03
-1.252200000000000014e-02 -8.756779999999999599e-04 1.877119999999999917e-03
-1.263779999999999938e-02 -8.780339999999999760e-04 1.907864999999999908e-03
-1.275300000000000045e-02 -8.806639999999999694e-04 1.939160000000000102e-03
-1.286780000000000042e-02 -8.837339999999999519e-04 1.970899999999999822e-03
-1.298200000000000048e-02 -8.871569999999999630e-04 2.002709999999999994e-03
-1.309560000000000064e-02 -8.909830000000000310e-04 2.034320000000000052e-03
-1.320879999999999971e-02 -8.953960000000000174e-04 2.066759999999999951e-03
-1.332140000000000060e-02 -9.000180000000000419e-04 2.101140000000000039e-03
-1.343309999999999990e-02 -9.053429999999999681e-04 2.134065000000000094e-03
-1.354449999999999925e-02 -9.113139999999999826e-04 2.164689999999999930e-03
-1.365590000000000033e-02 -9.179210000000000364e-04 2.195025000000000188e-03
-1.376740000000000082e-02 -9.241209999999999702e-04 2.225770000000000179e-03
-1.387910000000000012e-02 -9.299640000000000293e-04 2.256745000000000105e-03
-1.399120000000000051e-02 -9.352839999999999852e-04 2.288010000000000044e-03
-1.410370000000000026e-02 -9.400920000000000110e-04 2.319625000000000072e-03
-1.421640000000000056e-02 -9.445400000000000063e-04 2.351569999999999876e-03
-1.432940000000000082e-02 -9.485970000000000252e-04 2.383875000000000143e-03
-1.444269999999999929e-02 -9.522829999999999490e-04 2.416590000000000144e-03
-1.455620000000000004e-02 -9.555899999999999768e-04 2.449740000000000164e-03
-1.466989999999999961e-02 -9.586080000000000078e-04 2.483364999999999965e-03
-1.478379999999999972e-02 -9.613970000000000111e-04 2.517494999999999802e-03
-1.489760000000000043e-02 -9.641559999999999757e-04 2.552210000000000069e-03
-1.501139999999999940e-02 -9.671099999999999749e-04 2.587615000000000141e-03
-1.512480000000000074e-02 -9.702610000000000401e-04 2.623649999999999941e-03
-1.523790000000000040e-02 -9.735969999999999824e-04 2.660120000000000193e-03
-1.535060000000000070e-02 -9.770539999999999867e-04 2.696420000000000154e-03
-1.546280000000000050e-02 -9.804670000000000572e-04 2.730929999999999903e-03
-1.557479999999999976e-02 -9.846340000000000734e-04 2.763859999999999928e-03
-1.568680000000000074e-02 -9.896020000000000164e-04 2.796920000000000048e-03
-1.579840000000000064e-02 -9.946180000000000646e-04 2.831869999999999787e-03
-1.590959999999999944e-02 -9.992460000000000751e-04 2.867564999999999871e-03
-1.602080000000000171e-02 -1.003570000000000070e-03 2.903499999999999831e-03
-1.613200000000000051e-02 -1.007569999999999950e-03 2.939975000000000054e-03
-1.624340000000000159e-02 -1.011299999999999916e-03 2.977080000000000004e-03
-1.635489999999999861e-02 -1.014810000000000104e-03 3.014740000000000128e-03
-1.646649999999999850e-02 -1.018079999999999983e-03 3.052969999999999903e-03
-1.657820000000000127e-02 -1.021180000000000004e-03 3.091584999999999993e-03
-1.668999999999999997e-02 -1.024120000000000108e-03 3.130555000000000143e-03
-1.680200000000000096e-02 -1.026919999999999960e-03 3.169785000000000050e-03
-1.691410000000000136e-02 -1.029680000000000048e-03 3.209075000000000035e-03
-1.702619999999999828e-02 -1.032369999999999902e-03 3.248480000000000204e-03
-1.713840000000000155e-02 -1.035050000000000033e-03 3.287894999999999880e-03
-1.725049999999999847e-02 -1.037820000000000062e-03 3.327174999999999924e-03
-1.736269999999999827e-02 -1.040600000000000032e-03 3.366409999999999802e-03
-1.747469999999999926e-02 -1.043459999999999960e-03 3.405515000000000018e-03
-1.758650000000000144e-02 -1.046400000000000064e-03 3.444464999999999853e-03
-1.769820000000000074e-02 -1.049409999999999970e-03 3.483285000000000027e-03
-1.780970000000000122e-02 -1.052430000000000032e-03 3.522130000000000052e-03
-1.792090000000000002e-02 -1.055469999999999976e-03 3.560970000000000107e-03
-1.803199999999999942e-02 -1.058539999999999958e-03 3.599794999999999818e-03
-1.814280000000000059e-02 -1.061529999999999982e-03 3.639014999999999785e-03
-1.825349999999999889e-02 -1.064499999999999908e-03 3.678424999999999924e-03
-1.836399999999999838e-02 -1.067419999999999914e-03 3.718130000000000046e-03
-1.847439999999999846e-02 -1.070240000000000080e-03 3.758370000000000027e-03
-1.858469999999999914e-02 -1.073009999999999893e-03 3.798999999999999860e-03
-1.869499999999999981e-02 -1.075680000000000082e-03 3.840085000000000026e-03
-1.880530000000000049e-02 -1.078249999999999998e-03 3.881669999999999825e-03
-1.891560000000000116e-02 -1.080730000000000015e-03 3.923715000000000362e-03
-1.902620000000000006e-02 -1.083109999999999976e-03 3.966260000000000098e-03
-1.913669999999999954e-02 -1.085440000000000016e-03 4.009045000000000143e-03
-1.924729999999999844e-02 -1.087740000000000018e-03 4.052009999999999987e-03
-1.935790000000000080e-02 -1.090030000000000079e-03 4.094849999999999705e-03
-1.946849999999999969e-02 -1.092279999999999944e-03 4.137880000000000030e-03
-1.957899999999999918e-02 -1.094520000000000085e-03 4.180889999999999607e-03
-1.968960000000000155e-02 -1.096750000000000069e-03 4.223954999999999724e-03
-1.980000000000000163e-02 -1.098969999999999895e-03 4.267125000000000085e-03
-1.991010000000000002e-02 -1.101210000000000036e-03 4.310170000000000320e-03
-2.002030000000000129e-02 -1.103419999999999922e-03 4.353405000000000295e-03
-2.013030000000000028e-02 -1.105590000000000045e-03 4.396825000000000039e-03
-2.024029999999999926e-02 -1.107719999999999972e-03 4.440430000000000418e-03
-2.035019999999999885e-02 -1.109839999999999959e-03 4.484234999999999610e-03
-2.045999999999999902e-02 -1.111940000000000064e-03 4.528240000000000216e-03
-2.056969999999999979e-02 -1.114009999999999913e-03 4.572434999999999694e-03
-2.067940000000000056e-02 -1.116040000000000001e-03 4.616809999999999838e-03
-2.078889999999999905e-02 -1.118029999999999892e-03 4.661435000000000231e-03
-2.089840000000000100e-02 -1.119970000000000080e-03 4.706319999999999948e-03
-2.100780000000000008e-02 -1.121880000000000013e-03 4.751400000000000241e-03
-2.111709999999999976e-02 -1.123749999999999966e-03 4.796660000000000333e-03
-2.122639999999999944e-02 -1.125560000000000059e-03 4.842159999999999867e-03
-2.133559999999999970e-02 -1.127320000000000015e-03 4.887919999999999592e-03
-2.144470000000000057e-02 -1.129039999999999992e-03 4.933874999999999893e-03
-2.155380000000000143e-02 -1.130719999999999989e-03 4.980005000000000022e-03
-2.166279999999999942e-02 -1.132369999999999948e-03 5.026329999999999860e-03
-2.177170000000000147e-02 -1.133979999999999927e-03 5.072840000000000335e-03
-2.188060000000000005e-02 -1.135549999999999927e-03 5.119534999999999711e-03
-2.198939999999999922e-02 -1.137090000000000106e-03 5.166419999999999693e-03
-2.209809999999999899e-02 -1.138579999999999931e-03 5.213495000000000282e-03
-2.220669999999999936e-02 -1.140009999999999895e-03 5.260784999999999594e-03
-2.231529999999999972e-02 -1.141410000000000037e-03 5.308254999999999571e-03
-2.242380000000000068e-02 -1.142769999999999984e-03 5.355910000000000185e-03
-2.253219999999999876e-02 -1.144100000000000108e-03 5.403749999999999699e-03
-2.264060000000000031e-02 -1.145390000000000037e-03 5.451784999999999791e-03
-2.274889999999999898e-02 -1.146639999999999986e-03 5.499994999999999711e-03
-2.285710000000000172e-02 -1.147849999999999955e-03 5.548390000000000266e-03
-2.296520000000000158e-02 -1.149000000000000065e-03 5.597040000000000175e-03
-2.307319999999999857e-02 -1.150030000000000019e-03 5.645995000000000007e-03
-2.318119999999999903e-02 -1.151029999999999935e-03 5.695124999999999667e-03
-2.328900000000000067e-02 -1.151990000000000089e-03 5.744449999999999903e-03
-2.339679999999999885e-02 -1.152910000000000046e-03 5.793959999999999909e-03
-2.350450000000000109e-02 -1.153799999999999965e-03 5.843644999999999742e-03
-2.361219999999999986e-02 -1.154649999999999904e-03 5.893520000000000182e-03
-2.371979999999999922e-02 -1.155470000000000021e-03 5.943585000000000361e-03
-2.382729999999999917e-02 -1.156240000000000002e-03 5.993825000000000368e-03
-2.393469999999999973e-02 -1.156990000000000102e-03 6.044260000000000084e-03
-2.404210000000000028e-02 -1.157690000000000064e-03 6.094869999999999628e-03
-2.414940000000000142e-02 -1.158359999999999989e-03 6.145669999999999779e-03
-2.425659999999999969e-02 -1.159000000000000091e-03 6.196654999999999698e-03
-2.436380000000000143e-02 -1.159590000000000056e-03 6.247820000000000283e-03
-2.447080000000000088e-02 -1.160149999999999983e-03 6.299169999999999769e-03
-2.457780000000000034e-02 -1.160680000000000088e-03 6.350704999999999892e-03
-2.468470000000000039e-02 -1.161130000000000018e-03 6.402495000000000235e-03
-2.479150000000000104e-02 -1.161429999999999971e-03 6.454655000000000115e-03
-2.489809999999999940e-02 -1.161700000000000102e-03 6.507004999999999734e-03
-2.500470000000000123e-02 -1.161930000000000037e-03 6.559535000000000018e-03
-2.511129999999999959e-02 -1.162119999999999993e-03 6.612250000000000072e-03
-2.521769999999999914e-02 -1.162279999999999910e-03 6.665144999999999924e-03
-2.532409999999999869e-02 -1.162400000000000065e-03 6.718225000000000412e-03
-2.543039999999999884e-02 -1.162489999999999964e-03 6.771489999999999801e-03
-2.553659999999999958e-02 -1.162540000000000101e-03 6.824934999999999856e-03
-2.564270000000000091e-02 -1.162550000000000042e-03 6.878564999999999680e-03
-2.574879999999999877e-02 -1.162529999999999944e-03 6.932375000000000169e-03
-2.585480000000000070e-02 -1.162470000000000083e-03 6.986370000000000427e-03
-2.596069999999999975e-02 -1.162379999999999967e-03 7.040544999999999616e-03
-2.606649999999999939e-02 -1.162250000000000089e-03 7.094910000000000279e-03
-2.617219999999999963e-02 -1.162080000000000014e-03 7.149449999999999902e-03
-2.627789999999999987e-02 -1.161879999999999901e-03 7.204175000000000162e-03
-2.638350000000000070e-02 -1.161579999999999948e-03 7.259154999999999774e-03
-2.648879999999999985e-02 -1.161039999999999902e-03 7.314615000000000006e-03
-2.659399999999999958e-02 -1.160449999999999936e-03 7.370245000000000095e-03
-2.669909999999999992e-02 -1.159840000000000090e-03 7.426059999999999953e-03
-2.680420000000000025e-02 -1.159180000000000106e-03 7.482054999999999609e-03
-2.690909999999999830e-02 -1.158490000000000084e-03 7.538234999999999901e-03
-2.701399999999999982e-02 -1.157770000000000023e-03 7.594594999999999992e-03
-2.711879999999999846e-02 -1.157009999999999983e-03 7.651134999999999881e-03
-2.722360000000000058e-02 -1.156209999999999963e-03 7.707860000000000406e-03
-2.732820000000000041e-02 -1.155379999999999905e-03 7.764759999999999891e-03
-2.743280000000000024e-02 -1.154510000000000085e-03 7.821840000000000043e-03
-2.753730000000000067e-02 -1.153600000000000068e-03 7.879099999999999993e-03
-2.764170000000000169e-02 -1.152660000000000013e-03 7.936544999999999711e-03
-2.774599999999999983e-02 -1.151689999999999919e-03 7.994195000000000814e-03
-2.785030000000000144e-02 -1.150680000000000062e-03 8.051980000000000248e-03
-2.795440000000000078e-02 -1.149630000000000010e-03 8.109929999999999570e-03
-2.805850000000000011e-02 -1.148549999999999918e-03 8.168089999999999379e-03
-2.816250000000000003e-02 -1.147430000000000064e-03 8.226465000000000513e-03
-2.826640000000000055e-02 -1.146279999999999955e-03 8.284994999999999860e-03
-2.837020000000000167e-02 -1.145090000000000083e-03 8.343684999999999991e-03
-2.847399999999999931e-02 -1.143869999999999956e-03 8.402585000000000609e-03
-2.857760000000000161e-02 -1.142610000000000067e-03 8.461649999999999380e-03
-2.868120000000000044e-02 -1.141309999999999981e-03 8.520869999999999833e-03
-2.878469999999999987e-02 -1.139980000000000073e-03 8.580300000000000774e-03
-2.888809999999999989e-02 -1.138619999999999910e-03 8.639894999999999867e-03
-2.899140000000000050e-02 -1.137219999999999984e-03 8.699645000000000641e-03
-2.909460000000000171e-02 -1.135780000000000079e-03 8.759609999999999272e-03
-2.919770000000000004e-02 -1.134309999999999919e-03 8.819729999999999584e-03
-2.930079999999999837e-02 -1.132799999999999996e-03 8.880060000000000384e-03
-2.940380000000000077e-02 -1.131260000000000035e-03 8.940554999999999336e-03
-2.950660000000000088e-02 -1.129680000000000094e-03 9.001204999999999970e-03
-2.960940000000000100e-02 -1.128069999999999897e-03 9.062070000000000194e-03
-2.971210000000000170e-02 -1.126400000000000057e-03 9.123104999999999409e-03
-2.981440000000000132e-02 -1.124390000000000068e-03 9.184710000000000443e-03
-2.991660000000000152e-02 -1.122340000000000100e-03 9.246469999999999689e-03
-3.001880000000000173e-02 -1.120260000000000093e-03 9.308395000000000558e-03
-3.012079999999999966e-02 -1.118140000000000106e-03 9.370530000000000179e-03
-3.022270000000000165e-02 -1.115990000000000081e-03 9.432819999999999747e-03
-3.032460000000000017e-02 -1.113800000000000076e-03 9.495319999999999802e-03
-3.042639999999999928e-02 -1.111580000000000033e-03 9.557984999999999745e-03
-3.052799999999999958e-02 -1.109329999999999952e-03 9.620804999999999635e-03
-3.062959999999999988e-02 -1.107040000000000107e-03 9.683785000000000309e-03
-3.073110000000000078e-02 -1.104710000000000067e-03 9.746974999999999736e-03
-3.083249999999999880e-02 -1.102349999999999988e-03 9.810324999999999948e-03
-3.093380000000000088e-02 -1.099949999999999930e-03 9.873879999999999810e-03
-3.103500000000000009e-02 -1.097520000000000049e-03 9.937599999999999559e-03
-3.113619999999999929e-02 -1.095059999999999914e-03 1.000147499999999925e-02
-3.123719999999999969e-02 -1.092560000000000016e-03 1.006555999999999944e-02
-3.133810000000000068e-02 -1.090019999999999921e-03 1.012975500000000070e-02
-3.143900000000000167e-02 -1.087450000000000005e-03 1.019421000000000042e-02
-3.153969999999999690e-02 -1.084850000000000050e-03 1.025877499999999949e-02
-3.164039999999999908e-02 -1.082209999999999899e-03 1.032354499999999994e-02
-3.174099999999999838e-02 -1.079529999999999986e-03 1.038847499999999945e-02
-3.184150000000000175e-02 -1.076829999999999975e-03 1.045356499999999973e-02
-3.194179999999999936e-02 -1.074080000000000043e-03 1.051886500000000051e-02
-3.204209999999999697e-02 -1.071300000000000073e-03 1.058432500000000033e-02
-3.214229999999999865e-02 -1.068490000000000065e-03 1.064994000000000010e-02
-3.224239999999999745e-02 -1.065650000000000017e-03 1.071576999999999946e-02
-3.234240000000000032e-02 -1.062769999999999991e-03 1.078175500000000051e-02
-3.244230000000000030e-02 -1.059849999999999985e-03 1.084789499999999976e-02
-3.254209999999999742e-02 -1.056899999999999940e-03 1.091425000000000034e-02
-3.264190000000000147e-02 -1.053920000000000074e-03 1.098076000000000087e-02
-3.274149999999999977e-02 -1.050900000000000011e-03 1.104743000000000044e-02
-3.284100000000000213e-02 -1.047839999999999969e-03 1.111426000000000081e-02
-3.294040000000000162e-02 -1.044760000000000046e-03 1.118129500000000082e-02
-3.303960000000000230e-02 -1.041569999999999909e-03 1.124870000000000037e-02
-3.313859999999999723e-02 -1.038340000000000009e-03 1.131631500000000040e-02
-3.323750000000000315e-02 -1.035080000000000071e-03 1.138413999999999919e-02
-3.333629999999999927e-02 -1.031790000000000094e-03 1.145207500000000080e-02
-3.343499999999999944e-02 -1.028459999999999921e-03 1.152021500000000032e-02
-3.353369999999999962e-02 -1.025099999999999926e-03 1.158851999999999972e-02
-3.363220000000000098e-02 -1.021699999999999952e-03 1.165697499999999998e-02
-3.373059999999999947e-02 -1.018269999999999939e-03 1.172564499999999982e-02
-3.382890000000000202e-02 -1.014810000000000104e-03 1.179441999999999990e-02
-3.392719999999999764e-02 -1.011310000000000073e-03 1.186339999999999964e-02
-3.402530000000000138e-02 -1.007780000000000004e-03 1.193258999999999986e-02
-3.412330000000000224e-02 -1.004209999999999955e-03 1.200188999999999943e-02
-3.422120000000000023e-02 -1.000610000000000084e-03 1.207139999999999949e-02
-3.431909999999999822e-02 -9.969729999999999565e-04 1.214106499999999950e-02
-3.441679999999999739e-02 -9.933039999999999752e-04 1.221093499999999915e-02
-3.451440000000000063e-02 -9.896009999999998922e-04 1.228092000000000072e-02
-3.461190000000000100e-02 -9.858650000000000486e-04 1.235111000000000021e-02
-3.470940000000000136e-02 -9.820939999999999791e-04 1.242145499999999965e-02
-3.480670000000000291e-02 -9.782899999999999322e-04 1.249200999999999957e-02
-3.490390000000000159e-02 -9.744520000000000005e-04 1.256272500000000028e-02
-3.500099999999999739e-02 -9.705799999999999671e-04 1.263354499999999950e-02
-3.509799999999999726e-02 -9.666740000000000489e-04 1.270461999999999980e-02
-3.519490000000000118e-02 -9.627350000000000447e-04 1.277580499999999945e-02
-3.529170000000000224e-02 -9.587620000000000474e-04 1.284719999999999959e-02
-3.538840000000000041e-02 -9.547549999999999483e-04 1.291869999999999997e-02
-3.548500000000000265e-02 -9.507149999999999802e-04 1.299041000000000085e-02
-3.558150000000000202e-02 -9.466410000000000189e-04 1.306233000000000047e-02
-3.567789999999999850e-02 -9.425329999999999559e-04 1.313434999999999950e-02
-3.577419999999999906e-02 -9.383920000000000239e-04 1.320658499999999985e-02
-3.587039999999999673e-02 -9.342180000000000059e-04 1.327896999999999932e-02
-3.596649999999999847e-02 -9.300099999999999947e-04 1.335152000000000040e-02
-3.606240000000000140e-02 -9.257679999999999902e-04 1.342427000000000030e-02
-3.615820000000000145e-02 -9.213420000000000160e-04 1.349728000000000039e-02
-3.625389999999999863e-02 -9.168470000000000395e-04 1.357046999999999941e-02
-3.634939999999999699e-02 -9.123179999999999614e-04 1.364387000000000065e-02
-3.644490000000000229e-02 -9.077570000000000300e-04 1.371739999999999939e-02
-3.654020000000000185e-02 -9.031609999999999812e-04 1.379115000000000028e-02
-3.663550000000000140e-02 -8.985329999999999706e-04 1.386505000000000029e-02
-3.673060000000000214e-02 -8.938709999999999668e-04 1.393909999999999941e-02
-3.682560000000000000e-02 -8.891759999999999855e-04 1.401329999999999937e-02
-3.692050000000000193e-02 -8.844470000000000109e-04 1.408769999999999988e-02
-3.701530000000000098e-02 -8.796849999999999505e-04 1.416224999999999949e-02
-3.710999999999999716e-02 -8.748900000000000210e-04 1.423699999999999966e-02
-3.720459999999999740e-02 -8.700620000000000055e-04 1.431184999999999923e-02
-3.729910000000000170e-02 -8.652010000000000126e-04 1.438695000000000078e-02
-3.739340000000000025e-02 -8.603070000000000422e-04 1.446215000000000001e-02
-3.748769999999999880e-02 -8.553789999999999701e-04 1.453754999999999978e-02
-3.758179999999999854e-02 -8.504190000000000447e-04 1.461305000000000069e-02
-3.767589999999999828e-02 -8.454250000000000176e-04 1.468880000000000012e-02
-3.776979999999999921e-02 -8.403990000000000288e-04 1.476465000000000069e-02
-3.786359999999999726e-02 -8.353390000000000468e-04 1.484070000000000007e-02
-3.795740000000000225e-02 -8.302469999999999946e-04 1.491695000000000000e-02
-3.805100000000000149e-02 -8.251219999999999648e-04 1.499329999999999934e-02
-3.814440000000000192e-02 -8.199639999999999576e-04 1.506984999999999922e-02
-3.823780000000000234e-02 -8.147729999999999730e-04 1.514654999999999994e-02
-3.833109999999999989e-02 -8.095490000000000108e-04 1.522339999999999978e-02
-3.842430000000000151e-02 -8.042919999999999627e-04 1.530045000000000016e-02
-3.851729999999999737e-02 -7.990029999999999528e-04 1.537764999999999965e-02
-3.861019999999999730e-02 -7.936809999999999655e-04 1.545499999999999999e-02
-3.870309999999999723e-02 -7.883260000000000007e-04 1.553249999999999943e-02
-3.879579999999999834e-02 -7.829379999999999500e-04 1.561019999999999942e-02
-3.888839999999999658e-02 -7.775180000000000459e-04 1.568804999999999852e-02
-3.898080000000000295e-02 -7.720659999999999632e-04 1.576605000000000020e-02
-3.907320000000000237e-02 -7.665799999999999958e-04 1.584425000000000069e-02
-3.916540000000000299e-02 -7.608969999999999623e-04 1.592284999999999881e-02
-3.925739999999999785e-02 -7.551030000000000242e-04 1.600180000000000005e-02
-3.934920000000000084e-02 -7.492760000000000002e-04 1.608095000000000011e-02
-3.944099999999999689e-02 -7.434170000000000144e-04 1.616015000000000160e-02
-3.953260000000000107e-02 -7.375250000000000512e-04 1.623959999999999987e-02
-3.962419999999999831e-02 -7.316010000000000178e-04 1.631915000000000102e-02
-3.971559999999999674e-02 -7.256440000000000069e-04 1.639890000000000098e-02
-3.980689999999999923e-02 -7.196550000000000342e-04 1.647884999999999975e-02
-3.989809999999999884e-02 -7.136339999999999914e-04 1.655890000000000140e-02
-3.998920000000000252e-02 -7.075799999999999711e-04 1.663910000000000042e-02
-4.008010000000000045e-02 -7.014939999999999891e-04 1.671954999999999969e-02
-4.017099999999999838e-02 -6.953760000000000453e-04 1.680009999999999837e-02
-4.026169999999999749e-02 -6.892260000000000313e-04 1.688084999999999933e-02
-4.035230000000000067e-02 -6.830430000000000399e-04 1.696165000000000173e-02
-4.044280000000000097e-02 -6.768289999999999940e-04 1.704270000000000090e-02
-4.053319999999999840e-02 -6.705819999999999706e-04 1.712390000000000093e-02
-4.062339999999999701e-02 -6.643029999999999855e-04 1.720529999999999976e-02
-4.071349999999999969e-02 -6.579920000000000387e-04 1.728680000000000147e-02
-4.080360000000000237e-02 -6.516490000000000216e-04 1.736845000000000055e-02
-4.089349999999999929e-02 -6.452740000000000429e-04 1.745029999999999845e-02
-4.098330000000000028e-02 -6.388669999999999939e-04 1.753234999999999863e-02
-4.107290000000000246e-02 -6.324289999999999990e-04 1.761445000000000025e-02
-4.116249999999999770e-02 -6.259580000000000265e-04 1.769675000000000067e-02
-4.125190000000000107e-02 -6.194549999999999839e-04 1.777924999999999991e-02
-4.134120000000000156e-02 -6.129209999999999953e-04 1.786190000000000000e-02
-4.143039999999999917e-02 -6.063550000000000450e-04 1.794464999999999949e-02
-4.151939999999999797e-02 -5.997570000000000245e-04 1.802760000000000126e-02
-4.160839999999999678e-02 -5.931270000000000422e-04 1.811074999999999838e-02
-4.169719999999999677e-02 -5.864660000000000055e-04 1.819399999999999837e-02
-4.178590000000000082e-02 -5.797730000000000071e-04 1.827739999999999920e-02
-4.187450000000000200e-02 -5.730480000000000469e-04 1.836099999999999885e-02
-4.196300000000000030e-02 -5.662920000000000323e-04 1.844474999999999934e-02
-4.205129999999999979e-02 -5.594340000000000380e-04 1.852869999999999864e-02
-4.213940000000000047e-02 -5.524850000000000204e-04 1.861294999999999963e-02
-4.222739999999999827e-02 -5.455049999999999483e-04 1.869735000000000147e-02
-4.231519999999999726e-02 -5.384930000000000229e-04 1.878190000000000068e-02
-4.240300000000000319e-02 -5.314500000000000430e-04 1.886654999999999929e-02
-4.249060000000000337e-02 -5.243749999999999930e-04 1.895140000000000019e-02
-4.257810000000000067e-02 -5.172689999999999970e-04 1.903644999999999990e-02
-4.266550000000000203e-02 -5.101310000000000393e-04 1.912159999999999901e-02
-4.275269999999999765e-02 -5.029620000000000271e-04 1.920689999999999897e-02
-4.283990000000000020e-02 -4.957619999999999605e-04 1.929240000000000121e-02
-4.292689999999999700e-02 -4.885300000000000406e-04 1.937799999999999939e-02
-4.301379999999999787e-02 -4.812670000000000121e-04 1.946385000000000129e-02
-4.310049999999999992e-02 -4.739729999999999833e-04 1.954975000000000115e-02
-4.318720000000000198e-02 -4.666480000000000085e-04 1.963584999999999983e-02
-4.327369999999999828e-02 -4.592919999999999794e-04 1.972209999999999935e-02
-4.336009999999999864e-02 -4.519039999999999884e-04 1.980849999999999972e-02
-4.344630000000000020e-02 -4.444860000000000130e-04 1.989505000000000093e-02
-4.353239999999999887e-02 -4.370360000000000217e-04 1.998180000000000095e-02
-4.361849999999999755e-02 -4.295559999999999917e-04 2.006865000000000038e-02
-4.370430000000000148e-02 -4.220439999999999999e-04 2.015565000000000065e-02
-4.379009999999999847e-02 -4.145010000000000079e-04 2.024284999999999973e-02
-4.387569999999999665e-02 -4.069279999999999772e-04 2.033015000000000169e-02
-4.396119999999999889e-02 -3.993240000000000006e-04 2.041764999999999899e-02
-4.404659999999999825e-02 -3.916890000000000237e-04 2.050524999999999917e-02
-4.413190000000000168e-02 -3.840229999999999924e-04 2.059309999999999960e-02
-4.421699999999999936e-02 -3.763260000000000151e-04 2.068100000000000147e-02
-4.430200000000000110e-02 -3.685989999999999991e-04 2.076909999999999867e-02
-4.438679999999999709e-02 -3.608400000000000214e-04 2.085729999999999876e-02
-4.447160000000000002e-02 -3.530520000000000208e-04 2.094574999999999909e-02
-4.455619999999999720e-02 -3.452320000000000041e-04 2.103425000000000086e-02
-4.464069999999999844e-02 -3.373820000000000031e-04 2.112299999999999942e-02
-4.472500000000000087e-02 -3.295020000000000175e-04 2.121185000000000084e-02
-4.480920000000000042e-02 -3.215459999999999738e-04 2.130090000000000108e-02
-4.489320000000000116e-02 -3.134960000000000220e-04 2.139030000000000098e-02
-4.497709999999999902e-02 -3.054150000000000159e-04 2.147985000000000172e-02
-4.506079999999999808e-02 -2.973040000000000253e-04 2.156954999999999983e-02
-4.514440000000000119e-02 -2.891629999999999960e-04 2.165939999999999879e-02
-4.522790000000000143e-02 -2.809900000000000050e-04 2.174939999999999860e-02
-4.531129999999999880e-02 -2.727879999999999910e-04 2.183954999999999924e-02
-4.539449999999999735e-02 -2.645540000000000153e-04 2.192989999999999870e-02
-4.547759999999999997e-02 -2.562910000000000166e-04 2.202029999999999960e-02
-4.556059999999999971e-02 -2.479970000000000178e-04 2.211089999999999930e-02
-4.564340000000000064e-02 -2.396719999999999916e-04 2.220164999999999986e-02
-4.572609999999999869e-02 -2.313179999999999967e-04 2.229255000000000125e-02
-4.580870000000000081e-02 -2.229330000000000016e-04 2.238360000000000002e-02
-4.589109999999999717e-02 -2.145170000000000063e-04 2.247479999999999964e-02
-4.597339999999999760e-02 -2.060719999999999880e-04 2.256615000000000010e-02
-4.605560000000000209e-02 -1.975959999999999967e-04 2.265759999999999996e-02
-4.613760000000000083e-02 -1.890910000000000095e-04 2.274924999999999864e-02
-4.621949999999999670e-02 -1.805549999999999950e-04 2.284105000000000163e-02
-4.630129999999999663e-02 -1.719889999999999960e-04 2.293295000000000056e-02
-4.638289999999999774e-02 -1.633930000000000126e-04 2.302504999999999830e-02
-4.646440000000000292e-02 -1.547669999999999905e-04 2.311724999999999891e-02
-4.654579999999999829e-02 -1.461110000000000110e-04 2.320964999999999834e-02
-4.662709999999999771e-02 -1.374249999999999929e-04 2.330219999999999861e-02
-4.670819999999999833e-02 -1.287089999999999903e-04 2.339484999999999829e-02
-4.678910000000000013e-02 -1.199640000000000054e-04 2.348764999999999881e-02
-4.687000000000000194e-02 -1.111889999999999954e-04 2.358060000000000017e-02
-4.695069999999999799e-02 -1.023829999999999987e-04 2.367375000000000035e-02
-4.703120000000000217e-02 -9.349999999999999587e-05 2.376694999999999849e-02
-4.711169999999999941e-02 -8.469999999999999881e-05 2.386034999999999892e-02
-4.719190000000000190e-02 -7.579999999999999932e-05 2.395390000000000019e-02
-4.727209999999999746e-02 -6.689999999999999983e-05 2.404759999999999884e-02
-4.735210000000000113e-02 -5.789999999999999791e-05 2.414140000000000036e-02
-4.743200000000000194e-02 -4.890000000000000276e-05 2.423534999999999925e-02
-4.751179999999999987e-02 -3.990000000000000084e-05 2.432950000000000043e-02
-4.759139999999999898e-02 -3.089999999999999892e-05 2.442375000000000101e-02
-4.767079999999999929e-02 -2.180000000000000134e-05 2.451814999999999897e-02
-4.775019999999999959e-02 -1.270000000000000038e-05 2.461274999999999921e-02
-4.782940000000000108e-02 -3.570000000000000124e-06 2.470744999999999886e-02
-4.790839999999999682e-02 5.589999999999999842e-06 2.480225000000000138e-02
-4.798739999999999950e-02 1.480000000000000060e-05 2.489724999999999924e-02
-4.806620000000000337e-02 2.400000000000000061e-05 2.499240000000000142e-02
-4.814480000000000148e-02 3.320000000000000062e-05 2.508764999999999953e-02
-4.822329999999999672e-02 4.250000000000000305e-05 2.518304999999999849e-02
-4.830170000000000297e-02 5.179999999999999871e-05 2.527859999999999829e-02
-4.837990000000000346e-02 6.119999999999999681e-05 2.537429999999999894e-02
-4.845800000000000107e-02 7.050000000000000602e-05 2.547015000000000043e-02
-4.853600000000000275e-02 7.990000000000000411e-05 2.556614999999999929e-02
-4.861379999999999868e-02 8.930000000000000221e-05 2.566225000000000103e-02
-4.869149999999999867e-02 9.880000000000000273e-05 2.575855000000000158e-02
-4.876899999999999985e-02 1.082640000000000056e-04 2.585490000000000010e-02
-4.884639999999999815e-02 1.177729999999999988e-04 2.595145000000000091e-02
-4.892370000000000052e-02 1.273099999999999991e-04 2.604820000000000052e-02
-4.900079999999999714e-02 1.368759999999999953e-04 2.614500000000000157e-02
-4.907770000000000188e-02 1.464699999999999986e-04 2.624195000000000000e-02
-4.915459999999999968e-02 1.560939999999999865e-04 2.633904999999999927e-02
-4.923129999999999867e-02 1.657460000000000086e-04 2.643629999999999938e-02
-4.930779999999999885e-02 1.754260000000000107e-04 2.653370000000000034e-02
-4.938420000000000309e-02 1.851350000000000088e-04 2.663120000000000070e-02
-4.946049999999999752e-02 1.948730000000000026e-04 2.672889999999999988e-02
-4.953660000000000008e-02 2.046390000000000036e-04 2.682669999999999846e-02
-4.961259999999999976e-02 2.144340000000000005e-04 2.692465000000000136e-02
-4.968840000000000062e-02 2.242570000000000045e-04 2.702270000000000019e-02
-4.976409999999999861e-02 2.341090000000000044e-04 2.712095000000000131e-02
-4.983970000000000067e-02 2.439890000000000114e-04 2.721929999999999836e-02
-4.991509999999999697e-02 2.539080000000000091e-04 2.731779999999999972e-02
-4.999039999999999734e-02 2.639249999999999778e-04 2.741675000000000015e-02
-5.006549999999999889e-02 2.739700000000000078e-04 2.751574999999999854e-02
-5.014049999999999757e-02 2.840429999999999908e-04 2.761484999999999981e-02
-5.021529999999999744e-02 2.941439999999999810e-04 2.771420000000000133e-02
-5.029000000000000137e-02 3.042739999999999941e-04 2.781360000000000082e-02
-5.036460000000000242e-02 3.144320000000000144e-04 2.791319999999999912e-02
-5.043899999999999773e-02 3.246190000000000035e-04 2.801290000000000030e-02
-5.051329999999999709e-02 3.348329999999999839e-04 2.811270000000000088e-02
-5.058739999999999765e-02 3.450759999999999873e-04 2.821275000000000172e-02
-5.066140000000000226e-02 3.553469999999999979e-04 2.831279999999999908e-02
-5.073520000000000113e-02 3.656460000000000157e-04 2.841304999999999872e-02
-5.080889999999999712e-02 3.759729999999999865e-04 2.851350000000000065e-02
-5.088240000000000124e-02 3.863280000000000186e-04 2.861400000000000055e-02
-5.095580000000000248e-02 3.967110000000000037e-04 2.871465000000000128e-02
-5.102899999999999797e-02 4.071219999999999960e-04 2.881540000000000143e-02
-5.110220000000000040e-02 4.175609999999999955e-04 2.891635000000000039e-02
-5.117510000000000114e-02 4.280280000000000022e-04 2.901745000000000019e-02
-5.124789999999999901e-02 4.385230000000000161e-04 2.911860000000000143e-02
-5.132060000000000094e-02 4.490450000000000214e-04 2.921995000000000148e-02
-5.139309999999999712e-02 4.595949999999999797e-04 2.932140000000000093e-02
-5.146540000000000142e-02 4.701729999999999994e-04 2.942300000000000124e-02
-5.153769999999999879e-02 4.807780000000000105e-04 2.952470000000000094e-02
-5.160970000000000141e-02 4.914109999999999746e-04 2.962655000000000149e-02
-5.168160000000000115e-02 5.020720000000000001e-04 2.972854999999999942e-02
-5.175339999999999802e-02 5.127600000000000170e-04 2.983070000000000166e-02
-5.182500000000000301e-02 5.234750000000000254e-04 2.993294999999999983e-02
-5.189649999999999819e-02 5.342180000000000409e-04 3.003534999999999885e-02
-5.196780000000000149e-02 5.449889999999999552e-04 3.013789999999999872e-02
-5.203900000000000192e-02 5.557869999999999694e-04 3.024050000000000002e-02
-5.211009999999999948e-02 5.666119999999999751e-04 3.034330000000000013e-02
-5.218090000000000228e-02 5.774639999999999721e-04 3.044625000000000109e-02
-5.225169999999999815e-02 5.883439999999999764e-04 3.054930000000000145e-02
-5.232219999999999926e-02 5.992509999999999721e-04 3.065245000000000122e-02
-5.239270000000000038e-02 6.101849999999999592e-04 3.075579999999999981e-02
-5.246289999999999981e-02 6.211460000000000462e-04 3.085919999999999982e-02
-5.253309999999999924e-02 6.321340000000000162e-04 3.096279999999999866e-02
-5.260299999999999698e-02 6.431489999999999777e-04 3.106644999999999893e-02
-5.267290000000000166e-02 6.541910000000000390e-04 3.117034999999999945e-02
-5.274249999999999772e-02 6.652599999999999833e-04 3.127425000000000344e-02
-5.281210000000000071e-02 6.763560000000000275e-04 3.137840000000000074e-02
-5.288140000000000202e-02 6.874789999999999547e-04 3.148259999999999947e-02
-5.295070000000000332e-02 6.986289999999999818e-04 3.158695000000000253e-02
-5.301970000000000294e-02 7.098049999999999846e-04 3.169140000000000151e-02
-5.308870000000000255e-02 7.210079999999999788e-04 3.179599999999999788e-02
-5.315740000000000048e-02 7.322379999999999644e-04 3.190074999999999855e-02
-5.322600000000000248e-02 7.434950000000000499e-04 3.200560000000000210e-02
-5.329450000000000159e-02 7.547780000000000027e-04 3.211060000000000303e-02
-5.336280000000000190e-02 7.660870000000000396e-04 3.221569999999999989e-02
-5.343090000000000339e-02 7.774239999999999753e-04 3.232095000000000107e-02
-5.349890000000000201e-02 7.887859999999999793e-04 3.242634999999999962e-02
-5.356679999999999775e-02 8.001749999999999748e-04 3.253185000000000104e-02
-5.363450000000000162e-02 8.115909999999999618e-04 3.263744999999999841e-02
-5.370199999999999974e-02 8.230330000000000328e-04 3.274320000000000008e-02
-5.376940000000000192e-02 8.345009999999999711e-04 3.284904999999999770e-02
-5.383659999999999834e-02 8.459949999999999935e-04 3.295510000000000106e-02
-5.390369999999999884e-02 8.575160000000000074e-04 3.306119999999999892e-02
-5.397060000000000052e-02 8.690629999999999970e-04 3.316750000000000254e-02
-5.403730000000000339e-02 8.806929999999999923e-04 3.327390000000000209e-02
-5.410360000000000169e-02 8.924789999999999503e-04 3.338055000000000189e-02
-5.416970000000000118e-02 9.042909999999999924e-04 3.348734999999999906e-02
-5.423569999999999780e-02 9.161290000000000102e-04 3.359424999999999911e-02
-5.430150000000000254e-02 9.279930000000000036e-04 3.370129999999999654e-02
-5.436719999999999747e-02 9.398829999999999728e-04 3.380844999999999684e-02
-5.443270000000000053e-02 9.517990000000000261e-04 3.391575000000000145e-02
-5.449799999999999783e-02 9.637409999999999467e-04 3.402315000000000200e-02
-5.456319999999999920e-02 9.757099999999999671e-04 3.413069999999999993e-02
-5.462820000000000176e-02 9.877040000000000559e-04 3.423835000000000073e-02
-5.469310000000000144e-02 9.997230000000001046e-04 3.434609999999999747e-02
-5.475780000000000231e-02 1.011769999999999944e-03 3.445399999999999852e-02
-5.482240000000000030e-02 1.023840000000000037e-03 3.456204999999999694e-02
-5.488679999999999948e-02 1.035939999999999951e-03 3.467014999999999680e-02
-5.495099999999999985e-02 1.048059999999999964e-03 3.477840000000000098e-02
-5.501509999999999734e-02 1.060210000000000015e-03 3.488680000000000253e-02
-5.507909999999999889e-02 1.072379999999999948e-03 3.499530000000000002e-02
-5.514279999999999876e-02 1.084579999999999919e-03 3.510390000000000038e-02
-5.520640000000000269e-02 1.096809999999999929e-03 3.521264999999999812e-02
-5.526989999999999681e-02 1.109060000000000037e-03 3.532149999999999873e-02
-5.533319999999999905e-02 1.121330000000000026e-03 3.543049999999999672e-02
-5.539630000000000248e-02 1.133639999999999995e-03 3.553959999999999758e-02
-5.545930000000000304e-02 1.145959999999999904e-03 3.564880000000000132e-02
-5.552209999999999784e-02 1.158310000000000069e-03 3.575815000000000243e-02
-5.558479999999999671e-02 1.170690000000000055e-03 3.586765000000000092e-02
-5.564729999999999677e-02 1.183089999999999923e-03 3.597720000000000085e-02
-5.570959999999999801e-02 1.195520000000000046e-03 3.608689999999999815e-02
-5.577180000000000332e-02 1.207970000000000051e-03 3.619669999999999832e-02
-5.583380000000000287e-02 1.220450000000000094e-03 3.630665000000000281e-02
-5.589569999999999955e-02 1.232950000000000018e-03 3.641670000000000323e-02
-5.595739999999999742e-02 1.245479999999999981e-03 3.652684999999999960e-02
-5.601890000000000341e-02 1.258030000000000042e-03 3.663715000000000027e-02
-5.608029999999999959e-02 1.270609999999999925e-03 3.674754999999999688e-02
-5.614149999999999696e-02 1.283209999999999906e-03 3.685809999999999781e-02
-5.620250000000000246e-02 1.295839999999999926e-03 3.696870000000000017e-02
-5.626339999999999814e-02 1.308490000000000044e-03 3.707944999999999991e-02
-5.632410000000000194e-02 1.321169999999999983e-03 3.719030000000000252e-02
-5.638470000000000287e-02 1.333870000000000021e-03 3.730130000000000251e-02
-5.644509999999999805e-02 1.346589999999999940e-03 3.741239999999999843e-02
-5.650530000000000136e-02 1.359339999999999897e-03 3.752359999999999723e-02
-5.656540000000000179e-02 1.372119999999999894e-03 3.763495000000000035e-02
-5.662530000000000341e-02 1.384919999999999988e-03 3.774639999999999940e-02
-5.668510000000000215e-02 1.397739999999999963e-03 3.785789999999999988e-02
-5.674470000000000208e-02 1.410589999999999978e-03 3.796959999999999918e-02
-5.680410000000000320e-02 1.423460000000000090e-03 3.808140000000000136e-02
-5.686329999999999857e-02 1.436360000000000024e-03 3.819324999999999803e-02
-5.692239999999999800e-02 1.449280000000000056e-03 3.830524999999999902e-02
-5.698140000000000149e-02 1.462219999999999969e-03 3.841739999999999738e-02
-5.704010000000000330e-02 1.475189999999999921e-03 3.852964999999999862e-02
-5.709870000000000223e-02 1.488189999999999912e-03 3.864200000000000274e-02
-5.715719999999999829e-02 1.501200000000000060e-03 3.875445000000000279e-02
-5.721539999999999959e-02 1.514240000000000030e-03 3.886705000000000021e-02
-5.727349999999999802e-02 1.527310000000000039e-03 3.897969999999999907e-02
-5.733150000000000052e-02 1.540399999999999929e-03 3.909250000000000225e-02
-5.738929999999999726e-02 1.553509999999999917e-03 3.920540000000000136e-02
-5.744690000000000213e-02 1.566649999999999944e-03 3.931844999999999785e-02
-5.750430000000000125e-02 1.579810000000000068e-03 3.943159999999999721e-02
-5.756159999999999749e-02 1.592990000000000074e-03 3.954484999999999945e-02
-5.761850000000000305e-02 1.606369999999999977e-03 3.965835000000000193e-02
-5.767479999999999829e-02 1.619959999999999933e-03 3.977209999999999773e-02
-5.773110000000000047e-02 1.633569999999999987e-03 3.988599999999999784e-02
-5.778710000000000097e-02 1.647210000000000080e-03 4.000000000000000083e-02
-5.784299999999999858e-02 1.660870000000000055e-03 4.011415000000000119e-02
-5.789869999999999739e-02 1.674549999999999910e-03 4.022835000000000300e-02
-5.795430000000000026e-02 1.688260000000000021e-03 4.034265000000000073e-02
-5.800969999999999738e-02 1.701990000000000013e-03 4.045710000000000278e-02
-5.806490000000000262e-02 1.715740000000000104e-03 4.057159999999999933e-02
-5.811990000000000212e-02 1.729520000000000016e-03 4.068625000000000019e-02
-5.817479999999999873e-02 1.743320000000000026e-03 4.080099999999999699e-02
-5.822949999999999654e-02 1.757150000000000075e-03 4.091589999999999810e-02
-5.828409999999999841e-02 1.770990000000000064e-03 4.103085000000000065e-02
-5.833839999999999859e-02 1.784860000000000092e-03 4.114595000000000058e-02
-5.839260000000000284e-02 1.798759999999999942e-03 4.126115000000000338e-02
-5.844669999999999727e-02 1.812669999999999950e-03 4.137640000000000068e-02
-5.850049999999999695e-02 1.826609999999999996e-03 4.149180000000000229e-02
-5.855420000000000069e-02 1.840569999999999923e-03 4.160729999999999984e-02
-5.860780000000000156e-02 1.854560000000000106e-03 4.172290000000000026e-02
-5.866110000000000074e-02 1.868569999999999953e-03 4.183859999999999663e-02
-5.871429999999999705e-02 1.882599999999999899e-03 4.195444999999999730e-02
-5.876730000000000148e-02 1.896649999999999942e-03 4.207029999999999798e-02
-5.882020000000000304e-02 1.910730000000000024e-03 4.218634999999999746e-02
-5.887289999999999884e-02 1.924829999999999987e-03 4.230249999999999982e-02
-5.892540000000000278e-02 1.938950000000000048e-03 4.241869999999999669e-02
-5.897770000000000096e-02 1.953089999999999991e-03 4.253504999999999786e-02
-5.902990000000000320e-02 1.967260000000000189e-03 4.265145000000000047e-02
-5.908189999999999970e-02 1.981450000000000052e-03 4.276800000000000046e-02
-5.913369999999999738e-02 1.995659999999999795e-03 4.288465000000000332e-02
-5.918530000000000318e-02 2.009889999999999854e-03 4.300140000000000212e-02
-5.923679999999999918e-02 2.024150000000000168e-03 4.311824999999999686e-02
-5.928810000000000330e-02 2.038429999999999929e-03 4.323520000000000141e-02
-5.933929999999999760e-02 2.052730000000000006e-03 4.335225000000000189e-02
-5.939019999999999716e-02 2.067049999999999964e-03 4.346939999999999832e-02
-5.944100000000000078e-02 2.081400000000000177e-03 4.358664999999999762e-02
-5.949159999999999865e-02 2.095769999999999838e-03 4.370399999999999979e-02
-5.954210000000000058e-02 2.110159999999999814e-03 4.382144999999999790e-02
-5.959239999999999676e-02 2.124570000000000104e-03 4.393899999999999889e-02
-5.964250000000000107e-02 2.138999999999999842e-03 4.405665000000000275e-02
-5.969239999999999963e-02 2.153459999999999836e-03 4.417440000000000255e-02
-5.974220000000000225e-02 2.167930000000000204e-03 4.429224999999999829e-02
-5.979170000000000318e-02 2.182429999999999960e-03 4.441019999999999690e-02
-5.984119999999999717e-02 2.196950000000000031e-03 4.452829999999999983e-02
-5.989040000000000336e-02 2.211499999999999924e-03 4.464640000000000275e-02
-5.993939999999999685e-02 2.226060000000000191e-03 4.476465000000000305e-02
-5.998830000000000134e-02 2.240649999999999847e-03 4.488299999999999929e-02
-6.003710000000000296e-02 2.255249999999999876e-03 4.500144999999999840e-02
-6.008560000000000290e-02 2.269880000000000161e-03 4.512005000000000182e-02
-6.013399999999999995e-02 2.284529999999999894e-03 4.523864999999999831e-02
-6.018210000000000226e-02 2.299199999999999942e-03 4.535739999999999911e-02
-6.023019999999999763e-02 2.313899999999999811e-03 4.547620000000000134e-02
-6.027799999999999825e-02 2.328610000000000055e-03 4.559515000000000096e-02
-6.032570000000000293e-02 2.343350000000000120e-03 4.571415000000000201e-02
-6.037320000000000186e-02 2.358100000000000127e-03 4.583330000000000043e-02
-6.042050000000000198e-02 2.372879999999999955e-03 4.595255000000000173e-02
-6.046760000000000329e-02 2.387680000000000097e-03 4.607184999999999753e-02
-6.051460000000000172e-02 2.402500000000000122e-03 4.619125000000000314e-02
-6.056140000000000134e-02 2.417340000000000027e-03 4.631079999999999919e-02
-6.060780000000000334e-02 2.432290000000000146e-03 4.643055000000000099e-02
-6.065389999999999671e-02 2.447309999999999850e-03 4.655055000000000304e-02
-6.069990000000000108e-02 2.462349999999999869e-03 4.667065000000000102e-02
-6.074569999999999970e-02 2.477420000000000143e-03 4.679090000000000332e-02
-6.079129999999999950e-02 2.492499999999999924e-03 4.691114999999999868e-02
-6.083670000000000050e-02 2.507609999999999961e-03 4.703154999999999836e-02
-6.088190000000000268e-02 2.522729999999999938e-03 4.715199999999999947e-02
-6.092700000000000199e-02 2.537880000000000170e-03 4.727259999999999796e-02
-6.097190000000000248e-02 2.553049999999999851e-03 4.739324999999999788e-02
-6.101659999999999723e-02 2.568239999999999846e-03 4.751400000000000068e-02
-6.106120000000000297e-02 2.583450000000000156e-03 4.763484999999999941e-02
-6.110550000000000009e-02 2.598679999999999914e-03 4.775580000000000103e-02
-6.114970000000000128e-02 2.613929999999999986e-03 4.787679999999999714e-02
-6.119369999999999671e-02 2.629199999999999940e-03 4.799790000000000306e-02
-6.123760000000000314e-02 2.644490000000000209e-03 4.811909999999999799e-02
-6.128120000000000095e-02 2.659799999999999925e-03 4.824044999999999722e-02
-6.132470000000000282e-02 2.675129999999999956e-03 4.836184999999999790e-02
-6.136799999999999894e-02 2.690479999999999868e-03 4.848330000000000001e-02
-6.141110000000000319e-02 2.705860000000000036e-03 4.860489999999999949e-02
-6.145400000000000168e-02 2.721250000000000144e-03 4.872649999999999898e-02
-6.149679999999999730e-02 2.736660000000000134e-03 4.884829999999999728e-02
-6.153940000000000105e-02 2.752099999999999946e-03 4.897010000000000252e-02
-6.158179999999999904e-02 2.767550000000000131e-03 4.909204999999999819e-02
-6.162399999999999822e-02 2.783020000000000198e-03 4.921405000000000224e-02
-6.166599999999999859e-02 2.798520000000000087e-03 4.933615000000000222e-02
-6.170790000000000303e-02 2.814029999999999917e-03 4.945834999999999815e-02
-6.174960000000000171e-02 2.829560000000000061e-03 4.958060000000000245e-02
-6.179110000000000158e-02 2.845110000000000087e-03 4.970299999999999718e-02
-6.183240000000000264e-02 2.860689999999999934e-03 4.982545000000000029e-02
-6.187349999999999794e-02 2.876280000000000156e-03 4.994799999999999934e-02
-6.191449999999999732e-02 2.891889999999999825e-03 5.007059999999999983e-02
-6.195529999999999787e-02 2.907519999999999809e-03 5.019334999999999769e-02
-6.199589999999999962e-02 2.923170000000000109e-03 5.031610000000000249e-02
-6.203630000000000255e-02 2.938839999999999855e-03 5.043899999999999773e-02
-6.207649999999999973e-02 2.954529999999999917e-03 5.056195000000000134e-02
-6.211660000000000098e-02 2.970239999999999859e-03 5.068505000000000232e-02
-6.215640000000000054e-02 2.985970000000000117e-03 5.080815000000000331e-02
-6.219609999999999722e-02 3.001719999999999822e-03 5.093140000000000167e-02
-6.223560000000000203e-02 3.017489999999999842e-03 5.105470000000000147e-02
-6.227490000000000109e-02 3.033280000000000177e-03 5.117809999999999720e-02
-6.231409999999999727e-02 3.049080000000000019e-03 5.130155000000000132e-02
-6.235299999999999870e-02 3.064910000000000117e-03 5.142510000000000137e-02
-6.239179999999999726e-02 3.080750000000000155e-03 5.154879999999999879e-02
-6.243039999999999701e-02 3.096610000000000074e-03 5.167250000000000315e-02
-6.246879999999999794e-02 3.112489999999999875e-03 5.179630000000000345e-02
-6.250709999999999600e-02 3.128389999999999990e-03 5.192019999999999968e-02
-6.254510000000000625e-02 3.144309999999999987e-03 5.204414999999999736e-02
-6.258299999999999974e-02 3.160249999999999865e-03 5.216819999999999791e-02
-6.262070000000000136e-02 3.176210000000000058e-03 5.229235000000000133e-02
-6.265819999999999723e-02 3.192190000000000132e-03 5.241660000000000069e-02
-6.269550000000000123e-02 3.208180000000000146e-03 5.254085000000000005e-02
-6.273259999999999947e-02 3.224190000000000042e-03 5.266524999999999679e-02
-6.276950000000000585e-02 3.240219999999999819e-03 5.278970000000000190e-02
-6.280629999999999546e-02 3.256269999999999911e-03 5.291425000000000295e-02
-6.284289999999999321e-02 3.272339999999999884e-03 5.303884999999999850e-02
-6.287929999999999908e-02 3.288430000000000172e-03 5.316354999999999692e-02
-6.291549999999999920e-02 3.304539999999999908e-03 5.328834999999999822e-02
-6.295149999999999357e-02 3.320660000000000018e-03 5.341320000000000096e-02
-6.298710000000000420e-02 3.336860000000000086e-03 5.353825000000000250e-02
-6.302249999999999519e-02 3.353089999999999977e-03 5.366339999999999999e-02
-6.305769999999999431e-02 3.369340000000000182e-03 5.378865000000000035e-02
-6.309270000000000156e-02 3.385609999999999835e-03 5.391395000000000215e-02
-6.312760000000000593e-02 3.401899999999999803e-03 5.403934999999999989e-02
-6.316220000000000168e-02 3.418200000000000145e-03 5.416479999999999906e-02
-6.319669999999999455e-02 3.434519999999999934e-03 5.429035000000000111e-02
-6.323090000000000654e-02 3.450869999999999979e-03 5.441599999999999909e-02
-6.326500000000000179e-02 3.467229999999999965e-03 5.454164999999999708e-02
-6.329890000000000516e-02 3.483599999999999891e-03 5.466744999999999938e-02
-6.333270000000000566e-02 3.500000000000000073e-03 5.479330000000000311e-02
-6.336619999999999753e-02 3.516410000000000195e-03 5.491920000000000135e-02
-6.339949999999999752e-02 3.532840000000000199e-03 5.504524999999999696e-02
-6.343269999999999464e-02 3.549290000000000084e-03 5.517129999999999951e-02
-6.346569999999999989e-02 3.565759999999999850e-03 5.529744999999999799e-02
-6.349839999999999651e-02 3.582239999999999990e-03 5.542364999999999792e-02
-6.353100000000000414e-02 3.598740000000000012e-03 5.554995000000000072e-02
-6.356340000000000601e-02 3.615259999999999915e-03 5.567629999999999801e-02
-6.359570000000000500e-02 3.631800000000000132e-03 5.580274999999999819e-02
-6.362769999999999537e-02 3.648349999999999857e-03 5.592924999999999980e-02
-6.365959999999999674e-02 3.664919999999999897e-03 5.605584999999999735e-02
-6.369120000000000337e-02 3.681509999999999817e-03 5.618254999999999777e-02
-6.372269999999999324e-02 3.698120000000000053e-03 5.630924999999999819e-02
-6.375400000000000511e-02 3.714739999999999796e-03 5.643605000000000149e-02
-6.378509999999999736e-02 3.731379999999999853e-03 5.656295000000000073e-02
-6.381599999999999773e-02 3.748039999999999792e-03 5.668990000000000140e-02
-6.384670000000000623e-02 3.764720000000000046e-03 5.681689999999999657e-02
-6.387729999999999797e-02 3.781409999999999806e-03 5.694400000000000156e-02
-6.390759999999999497e-02 3.798119999999999882e-03 5.707115000000000105e-02
-6.393780000000000296e-02 3.814839999999999898e-03 5.719840000000000341e-02
-6.396770000000000234e-02 3.831579999999999795e-03 5.732570000000000027e-02
-6.399749999999999883e-02 3.848340000000000007e-03 5.745304999999999856e-02
-6.402710000000000345e-02 3.865120000000000101e-03 5.758049999999999974e-02
-6.405650000000000233e-02 3.881910000000000135e-03 5.770800000000000235e-02
-6.408569999999999545e-02 3.898720000000000050e-03 5.783560000000000090e-02
-6.411479999999999957e-02 3.915550000000000280e-03 5.796325000000000088e-02
-6.414359999999999506e-02 3.932390000000000017e-03 5.809095000000000231e-02
-6.417230000000000156e-02 3.949249999999999636e-03 5.821869999999999823e-02
-6.420069999999999943e-02 3.966120000000000062e-03 5.834659999999999846e-02
-6.422899999999999443e-02 3.983020000000000310e-03 5.847449999999999870e-02
-6.425709999999999755e-02 3.999919999999999691e-03 5.860250000000000181e-02
-6.428499999999999492e-02 4.016849999999999761e-03 5.873054999999999942e-02
-6.431270000000000042e-02 4.033789999999999772e-03 5.885864999999999847e-02
-6.434020000000000017e-02 4.050749999999999663e-03 5.898685000000000039e-02
-6.436749999999999416e-02 4.067720000000000363e-03 5.911509999999999682e-02
-6.439459999999999629e-02 4.084710000000000077e-03 5.924340000000000162e-02
-6.442159999999999553e-02 4.101709999999999731e-03 5.937180000000000235e-02
-6.444830000000000003e-02 4.118730000000000134e-03 5.950024999999999759e-02
-6.447490000000000165e-02 4.135770000000000418e-03 5.962875000000000120e-02
-6.450119999999999465e-02 4.152819999999999775e-03 5.975735000000000074e-02
-6.452739999999999865e-02 4.169889999999999881e-03 5.988595000000000029e-02
-6.455339999999999689e-02 4.186969999999999928e-03 6.001469999999999722e-02
-6.457920000000000327e-02 4.204069999999999856e-03 6.014350000000000251e-02
-6.460480000000000389e-02 4.221189999999999665e-03 6.027230000000000087e-02
-6.463019999999999876e-02 4.238320000000000282e-03 6.040115000000000067e-02
-6.465540000000000176e-02 4.255469999999999912e-03 6.053014999999999785e-02
-6.468050000000000188e-02 4.272630000000000351e-03 6.065920000000000339e-02
-6.470529999999999338e-02 4.289809999999999804e-03 6.078825000000000200e-02
-6.472990000000000688e-02 4.306909999999999732e-03 6.091749999999999943e-02
-6.475419999999999787e-02 4.324030000000000408e-03 6.104674999999999685e-02
-6.477839999999999987e-02 4.341170000000000098e-03 6.117609999999999715e-02
-6.480239999999999612e-02 4.358319999999999729e-03 6.130549999999999888e-02
-6.482609999999999761e-02 4.375480000000000168e-03 6.143495000000000206e-02
-6.484969999999999624e-02 4.392659999999999620e-03 6.156450000000000117e-02
-6.487310000000000298e-02 4.409859999999999822e-03 6.169405000000000028e-02
-6.489630000000000398e-02 4.427069999999999964e-03 6.182374999999999676e-02
-6.491929999999999923e-02 4.444299999999999987e-03 6.195345000000000019e-02
-6.494220000000000548e-02 4.461539999999999950e-03 6.208319999999999811e-02
-6.496480000000000310e-02 4.478799999999999795e-03 6.221299999999999747e-02
-6.498719999999999497e-02 4.496069999999999581e-03 6.234289999999999971e-02
-6.500949999999999784e-02 4.513350000000000174e-03 6.247285000000000338e-02
-6.503150000000000597e-02 4.530659999999999722e-03 6.260285000000000155e-02
-6.505339999999999734e-02 4.547970000000000138e-03 6.273289999999999422e-02
-6.507499999999999396e-02 4.565299999999999567e-03 6.286300000000000221e-02
-6.509650000000000158e-02 4.582649999999999745e-03 6.299314999999999776e-02
-6.511780000000000346e-02 4.600009999999999863e-03 6.312339999999999618e-02
-6.513879999999999670e-02 4.617379999999999922e-03 6.325369999999999604e-02
-6.515970000000000095e-02 4.634769999999999862e-03 6.338404999999999734e-02
-6.518039999999999945e-02 4.652179999999999684e-03 6.351445000000000007e-02
-6.520090000000000607e-02 4.669590000000000372e-03 6.364490000000000425e-02
-6.522119999999999307e-02 4.687030000000000016e-03 6.377544999999999742e-02
-6.524130000000000207e-02 4.704469999999999659e-03 6.390600000000000447e-02
-6.526129999999999431e-02 4.721939999999999991e-03 6.403659999999999908e-02
-6.528100000000000569e-02 4.739410000000000324e-03 6.416724999999999512e-02
-6.530049999999999744e-02 4.756899999999999670e-03 6.429799999999999405e-02
-6.531979999999999731e-02 4.774399999999999825e-03 6.442875000000000685e-02
-6.533899999999999431e-02 4.791919999999999860e-03 6.455964999999999621e-02
-6.535789999999999655e-02 4.809449999999999836e-03 6.469049999999999800e-02
-6.537669999999999593e-02 4.826999999999999694e-03 6.482145000000000268e-02
-6.539520000000000055e-02 4.844560000000000359e-03 6.495244999999999491e-02
-6.541360000000000230e-02 4.862130000000000098e-03 6.508350000000000246e-02
-6.543179999999999830e-02 4.879719999999999717e-03 6.521459999999999757e-02
-6.544969999999999954e-02 4.897320000000000145e-03 6.534574999999999412e-02
-6.546749999999999792e-02 4.914939999999999587e-03 6.547695000000000598e-02
-6.548510000000000442e-02 4.932559999999999896e-03 6.560825000000000684e-02
-6.550250000000000516e-02 4.950210000000000027e-03 6.573954999999999382e-02
-6.551970000000000016e-02 4.967860000000000158e-03 6.587084999999999468e-02
-6.553670000000000329e-02 4.985530000000000170e-03 6.600229999999999986e-02
-6.555350000000000066e-02 5.003210000000000122e-03 6.613375000000000503e-02
-6.557010000000000616e-02 5.020909999999999956e-03 6.626524999999999777e-02
-6.558650000000000591e-02 5.038619999999999731e-03 6.639684999999999337e-02
-6.560269999999999990e-02 5.056340000000000313e-03 6.652845000000000286e-02
-6.561870000000000203e-02 5.074069999999999969e-03 6.666009999999999991e-02
-6.563449999999999840e-02 5.091820000000000374e-03 6.679179999999999839e-02
-6.565010000000000290e-02 5.109579999999999851e-03 6.692354999999999832e-02
-6.566560000000000452e-02 5.127360000000000077e-03 6.705534999999999968e-02
-6.568079999999999752e-02 5.145140000000000303e-03 6.718725000000000391e-02
-6.569579999999999864e-02 5.162940000000000411e-03 6.731910000000000671e-02
-6.571059999999999401e-02 5.180760000000000400e-03 6.745104999999999851e-02
-6.572519999999999751e-02 5.198539999999999758e-03 6.758305000000000562e-02
-6.573950000000000626e-02 5.216250000000000400e-03 6.771499999999999742e-02
-6.575359999999999538e-02 5.233970000000000115e-03 6.784700000000000453e-02
-6.576759999999999551e-02 5.251709999999999712e-03 6.797910000000000064e-02
-6.578130000000000088e-02 5.269450000000000175e-03 6.811124999999999818e-02
-6.579480000000000051e-02 5.287209999999999653e-03 6.824339999999999573e-02
-6.580809999999999438e-02 5.304989999999999879e-03 6.837554999999999328e-02
-6.582119999999999638e-02 5.322770000000000105e-03 6.850784999999999514e-02
-6.583410000000000650e-02 5.340570000000000213e-03 6.864014999999999700e-02
-6.584689999999999988e-02 5.358380000000000261e-03 6.877250000000000030e-02
-6.585939999999999850e-02 5.376210000000000190e-03 6.890490000000000503e-02
-6.587170000000000525e-02 5.394040000000000119e-03 6.903729999999999589e-02
-6.588389999999999525e-02 5.411889999999999930e-03 6.916980000000000350e-02
-6.589580000000000437e-02 5.429749999999999681e-03 6.930229999999999724e-02
-6.590749999999999387e-02 5.447630000000000181e-03 6.943485000000000629e-02
-6.591909999999999437e-02 5.465509999999999813e-03 6.956745000000000290e-02
-6.593040000000000012e-02 5.483410000000000194e-03 6.970004999999999951e-02
-6.594160000000000299e-02 5.501319999999999648e-03 6.983280000000000043e-02
-6.595249999999999724e-02 5.519239999999999910e-03 6.996549999999999991e-02
-6.596330000000000249e-02 5.537170000000000113e-03 7.009830000000000227e-02
-6.597379999999999911e-02 5.555110000000000256e-03 7.023105000000000320e-02
-6.598420000000000674e-02 5.573070000000000281e-03 7.036389999999999312e-02
-6.599430000000000573e-02 5.591040000000000246e-03 7.049679999999999835e-02
-6.600430000000000186e-02 5.609020000000000152e-03 7.062975000000000503e-02
-6.601400000000000323e-02 5.627009999999999998e-03 7.076269999999999782e-02
-6.602360000000000173e-02 5.645009999999999785e-03 7.089570000000000594e-02
-6.603290000000000548e-02 5.663030000000000320e-03 7.102875000000000161e-02
-6.604210000000000635e-02 5.681049999999999989e-03 7.116184999999999872e-02
-6.605110000000000148e-02 5.699090000000000406e-03 7.129499999999999726e-02
-6.605980000000000185e-02 5.717139999999999896e-03 7.142814999999999581e-02
-6.606839999999999935e-02 5.735200000000000194e-03 7.156134999999999580e-02
-6.607670000000000210e-02 5.753270000000000432e-03 7.169459999999999722e-02
-6.608490000000000197e-02 5.771349999999999744e-03 7.182784999999999864e-02
-6.609289999999999610e-02 5.789439999999999864e-03 7.196120000000000294e-02
-6.610059999999999547e-02 5.807549999999999865e-03 7.209454999999999336e-02
-6.610820000000000585e-02 5.825659999999999866e-03 7.222789999999999766e-02
-6.611559999999999659e-02 5.843789999999999749e-03 7.236135000000000483e-02
-6.612270000000000647e-02 5.861929999999999572e-03 7.249479999999999813e-02
-6.612969999999999959e-02 5.880070000000000262e-03 7.262830000000000674e-02
-6.613639999999999797e-02 5.898229999999999966e-03 7.276180000000000148e-02
-6.614299999999999347e-02 5.916399999999999611e-03 7.289539999999999909e-02
-6.614939999999999709e-02 5.934580000000000063e-03 7.302899999999999670e-02
-6.615550000000000597e-02 5.952769999999999589e-03 7.316264999999999574e-02
-6.616149999999999809e-02 5.970969999999999923e-03 7.329629999999999479e-02
-6.616690000000000071e-02 5.989190000000000139e-03 7.342999999999999527e-02
-6.617220000000000046e-02 6.007410000000000354e-03 7.356379999999999864e-02
-6.617720000000000546e-02 6.025639999999999642e-03 7.369760000000000200e-02
-6.618200000000000471e-02 6.043879999999999739e-03 7.383145000000000679e-02
-6.618659999999999821e-02 6.062139999999999716e-03 7.396524999999999628e-02
-6.619099999999999984e-02 6.080399999999999694e-03 7.409915000000000251e-02
-6.619519999999999571e-02 6.098680000000000420e-03 7.423304999999999487e-02
-6.619930000000000259e-02 6.116960000000000279e-03 7.436705000000000398e-02
-6.620310000000000084e-02 6.135260000000000019e-03 7.450099999999999778e-02
-6.620669999999999333e-02 6.153559999999999759e-03 7.463500000000000689e-02
-6.621009999999999396e-02 6.171880000000000248e-03 7.476905000000000356e-02
-6.621330000000000271e-02 6.190199999999999869e-03 7.490315000000000167e-02
-6.621630000000000571e-02 6.208540000000000239e-03 7.503724999999999978e-02
-6.621910000000000296e-02 6.226879999999999742e-03 7.517134999999999789e-02
-6.622169999999999446e-02 6.245239999999999993e-03 7.530554999999999888e-02
-6.622409999999999408e-02 6.263600000000000244e-03 7.543969999999999843e-02
-6.622630000000000183e-02 6.281980000000000376e-03 7.557395000000000085e-02
-6.622830000000000383e-02 6.300359999999999641e-03 7.570820000000000327e-02
-6.623010000000000008e-02 6.318759999999999655e-03 7.584249999999999325e-02
-6.623170000000000446e-02 6.337159999999999668e-03 7.597679999999999712e-02
-6.623310000000000308e-02 6.355569999999999622e-03 7.611110000000000098e-02
-6.623429999999999596e-02 6.373990000000000385e-03 7.624545000000000627e-02
-6.623529999999999696e-02 6.392420000000000220e-03 7.637984999999999913e-02
-6.623610000000000608e-02 6.410869999999999937e-03 7.651425000000000587e-02
-6.623669999999999558e-02 6.429319999999999653e-03 7.664870000000000017e-02
-6.623709999999999321e-02 6.447770000000000237e-03 7.678319999999999590e-02
-6.623729999999999896e-02 6.466239999999999835e-03 7.691765000000000407e-02
-6.623719999999999608e-02 6.484720000000000241e-03 7.705214999999999981e-02
-6.623700000000000421e-02 6.503209999999999720e-03 7.718669999999999698e-02
-6.623660000000000658e-02 6.521700000000000066e-03 7.732124999999999415e-02
-6.623600000000000321e-02 6.540210000000000294e-03 7.745589999999999420e-02
-6.623519999999999408e-02 6.558719999999999654e-03 7.759050000000000669e-02
-6.623410000000000408e-02 6.577239999999999823e-03 7.772510000000000530e-02
-6.623289999999999733e-02 6.595769999999999932e-03 7.785975000000000534e-02
-6.623149999999999871e-02 6.614309999999999981e-03 7.799445000000000683e-02
-6.622980000000000533e-02 6.632859999999999971e-03 7.812914999999999444e-02
-6.622799999999999521e-02 6.651409999999999961e-03 7.826384999999999592e-02
-6.622599999999999321e-02 6.669979999999999833e-03 7.839875000000000316e-02
-6.622369999999999646e-02 6.688549999999999704e-03 7.853364999999999652e-02
-6.622129999999999683e-02 6.707130000000000383e-03 7.866805000000000325e-02
-6.621860000000000246e-02 6.725720000000000136e-03 7.880299999999999805e-02
-6.621580000000000521e-02 6.744319999999999829e-03 7.893795000000000672e-02
-6.621269999999999933e-02 6.762930000000000330e-03 7.907290000000000152e-02
-6.620929999999999871e-02 6.781480000000000320e-03 7.920739999999999725e-02
-6.620560000000000334e-02 6.799979999999999740e-03 7.934235000000000593e-02
-6.620159999999999934e-02 6.818480000000000027e-03 7.947730000000000072e-02
-6.619740000000000346e-02 6.837000000000000195e-03 7.961179999999999646e-02
-6.619310000000000471e-02 6.855520000000000364e-03 7.974684999999999413e-02
-6.618849999999999734e-02 6.874039999999999664e-03 7.988185000000000424e-02
-6.618369999999999809e-02 6.892579999999999714e-03 8.001640000000000141e-02
-6.617879999999999596e-02 6.911129999999999704e-03 8.015150000000000052e-02
-6.617359999999999909e-02 6.929679999999999694e-03 8.028609999999999913e-02
-6.616819999999999646e-02 6.948239999999999625e-03 8.042119999999999824e-02
-6.616260000000000197e-02 6.966810000000000364e-03 8.055634999999999879e-02
-6.615680000000000172e-02 6.985380000000000235e-03 8.069099999999999884e-02
-6.615079999999999572e-02 7.003960000000000047e-03 8.082614999999999938e-02
-6.614470000000000072e-02 7.022549999999999799e-03 8.096135000000000137e-02
-6.613829999999999709e-02 7.041150000000000360e-03 8.109605000000000286e-02
-6.613170000000000159e-02 7.059759999999999994e-03 8.123125000000000484e-02
-6.612479999999999747e-02 7.078369999999999627e-03 8.136599999999999389e-02
-6.611780000000000435e-02 7.096990000000000069e-03 8.150124999999999731e-02
-6.611060000000000547e-02 7.115619999999999584e-03 8.163605000000000167e-02
-6.610320000000000085e-02 7.134249999999999967e-03 8.177135000000000653e-02
-6.609560000000000435e-02 7.152890000000000290e-03 8.190664999999999751e-02
-6.608780000000000210e-02 7.171539999999999686e-03 8.204150000000000331e-02
-6.607970000000000510e-02 7.190189999999999949e-03 8.217684999999999573e-02
-6.607150000000000523e-02 7.208860000000000094e-03 8.231170000000000153e-02
-6.606299999999999673e-02 7.227530000000000239e-03 8.244709999999999539e-02
-6.605439999999999923e-02 7.246200000000000384e-03 8.258200000000000263e-02
-6.604559999999999598e-02 7.264879999999999602e-03 8.271739999999999648e-02
-6.603649999999999798e-02 7.283569999999999628e-03 8.285235000000000516e-02
-6.602719999999999423e-02 7.302269999999999595e-03 8.298780000000000046e-02
-6.601780000000000148e-02 7.320970000000000429e-03 8.312279999999999669e-02
-6.600810000000000011e-02 7.339680000000000336e-03 8.325825000000000586e-02
-6.599829999999999586e-02 7.358400000000000184e-03 8.339330000000000354e-02
-6.598819999999999686e-02 7.377120000000000032e-03 8.352880000000000027e-02
-6.597790000000000599e-02 7.395849999999999820e-03 8.366384999999999794e-02
-6.596739999999999549e-02 7.414579999999999609e-03 8.379889999999999561e-02
-6.595669999999999311e-02 7.433320000000000205e-03 8.393449999999999522e-02
-6.594579999999999886e-02 7.452069999999999875e-03 8.406955000000000677e-02
-6.593469999999999887e-02 7.470820000000000412e-03 8.420469999999999344e-02
-6.592339999999999312e-02 7.489580000000000022e-03 8.434030000000000693e-02
-6.591189999999999549e-02 7.508339999999999632e-03 8.447544999999999360e-02
-6.590020000000000600e-02 7.527110000000000051e-03 8.461059999999999415e-02
-6.588829999999999687e-02 7.545890000000000410e-03 8.474629999999999663e-02
-6.587619999999999587e-02 7.564669999999999901e-03 8.488144999999999718e-02
-6.586380000000000012e-02 7.583460000000000201e-03 8.501670000000000060e-02
-6.585109999999999575e-02 7.602290000000000263e-03 8.515190000000000259e-02
-6.583819999999999950e-02 7.621120000000000325e-03 8.528765000000000651e-02
-6.582509999999999750e-02 7.639960000000000327e-03 8.542289999999999606e-02
-6.581180000000000363e-02 7.658800000000000330e-03 8.555814999999999948e-02
-6.579820000000000113e-02 7.677660000000000214e-03 8.569340000000000290e-02
-6.578449999999999576e-02 7.696520000000000097e-03 8.582869999999999389e-02
-6.577049999999999563e-02 7.715379999999999981e-03 8.596405000000000018e-02
-6.575630000000000364e-02 7.734259999999999746e-03 8.609935000000000505e-02
-6.574190000000000589e-02 7.753140000000000379e-03 8.623469999999999747e-02
-6.572730000000000239e-02 7.772020000000000144e-03 8.637005000000000376e-02
-6.571249999999999314e-02 7.790919999999999790e-03 8.650539999999999619e-02
-6.569740000000000302e-02 7.809820000000000303e-03 8.664080000000000392e-02
-6.568219999999999614e-02 7.828720000000000817e-03 8.677619999999999778e-02
-6.566669999999999452e-02 7.847639999999999477e-03 8.691160000000000552e-02
-6.565110000000000390e-02 7.866549999999999931e-03 8.704705000000000081e-02
-6.563520000000000465e-02 7.885480000000000267e-03 8.718249999999999611e-02
-6.561909999999999965e-02 7.904410000000000602e-03 8.731795000000000528e-02
-6.560280000000000278e-02 7.923349999999999144e-03 8.745295000000000152e-02
-6.558619999999999728e-02 7.942289999999999420e-03 8.758839999999999681e-02
-6.556950000000000278e-02 7.961239999999999636e-03 8.772389999999999355e-02
-6.555249999999999966e-02 7.980189999999999853e-03 8.785945000000000560e-02
-6.553539999999999366e-02 7.999159999999999951e-03 8.799445000000000183e-02
-6.551800000000000679e-02 8.018120000000000108e-03 8.813000000000000000e-02
-6.550040000000000029e-02 8.037090000000000206e-03 8.826554999999999818e-02
-6.548260000000000192e-02 8.056070000000000245e-03 8.840064999999999729e-02
-6.546459999999999779e-02 8.075060000000000224e-03 8.853619999999999546e-02
-6.544629999999999892e-02 8.094050000000000203e-03 8.867129999999999457e-02
-6.542789999999999717e-02 8.113040000000000182e-03 8.880694999999999562e-02
-6.540920000000000067e-02 8.132040000000000102e-03 8.894204999999999472e-02
-6.539040000000000130e-02 8.151049999999999962e-03 8.907769999999999577e-02
-6.537129999999999330e-02 8.170059999999999822e-03 8.921284999999999632e-02
-6.535199999999999343e-02 8.189079999999999623e-03 8.934799999999999687e-02
-6.533250000000000168e-02 8.208099999999999424e-03 8.948369999999999935e-02
-6.531270000000000131e-02 8.227129999999999166e-03 8.961890000000000134e-02
-6.529279999999999806e-02 8.246160000000000642e-03 8.975410000000000332e-02
-6.527260000000000006e-02 8.265200000000000324e-03 8.988930000000000531e-02
-6.525229999999999919e-02 8.284240000000000007e-03 9.002504999999999535e-02
-6.523170000000000357e-02 8.303279999999999689e-03 9.016024999999999734e-02
