0.000000000000000000e+00 -1.169999999999999937e-17 -2.610000000000000133e-17
-8.853670000000000225e-05 -3.870000000000000111e-07 -8.640000000000000075e-07
-1.750210000000000036e-04 -7.340000000000000028e-06 -2.650000000000000039e-05
-2.634150000000000250e-04 -1.660000000000000031e-05 -4.740000000000000018e-05
-3.574609999999999984e-04 -3.449999999999999833e-05 -4.459999999999999989e-05
-4.528399999999999808e-04 -4.100000000000000047e-05 -4.339999999999999782e-05
-5.472730000000000303e-04 -4.920000000000000328e-05 -4.860000000000000225e-05
-6.438080000000000538e-04 -5.879999999999999946e-05 -5.199999999999999680e-05
-7.427350000000000098e-04 -6.820000000000000433e-05 -4.979999999999999753e-05
-8.428399999999999738e-04 -7.770000000000000485e-05 -4.770000000000000070e-05
-9.426340000000000283e-04 -8.870000000000000117e-05 -4.679999999999999915e-05
-1.041379999999999953e-03 -1.001170000000000038e-04 -4.390000000000000320e-05
-1.138700000000000085e-03 -1.118559999999999943e-04 -3.899999999999999929e-05
-1.234070000000000089e-03 -1.242220000000000043e-04 -3.399999999999999973e-05
-1.326289999999999934e-03 -1.372889999999999929e-04 -2.949999999999999877e-05
-1.404300000000000036e-03 -1.503630000000000103e-04 -2.409999999999999965e-05
-1.490860000000000102e-03 -1.633270000000000034e-04 -1.769999999999999994e-05
-1.579349999999999981e-03 -1.757030000000000083e-04 -1.020000000000000060e-05
-1.666930000000000061e-03 -1.868990000000000007e-04 -1.579999999999999907e-06
-1.754020000000000015e-03 -1.969969999999999978e-04 7.930000000000000308e-06
-1.840110000000000053e-03 -2.058329999999999925e-04 1.849999999999999906e-05
-1.920269999999999963e-03 -2.123949999999999883e-04 3.180000000000000047e-05
-1.998100000000000050e-03 -2.163210000000000046e-04 4.699999999999999724e-05
-2.071519999999999872e-03 -2.174549999999999975e-04 6.409999999999999953e-05
-2.153799999999999985e-03 -2.189319999999999971e-04 7.959999999999999682e-05
-2.238990000000000164e-03 -2.219869999999999873e-04 9.339999999999999344e-05
-2.325489999999999936e-03 -2.277020000000000096e-04 1.054250000000000011e-04
-2.413119999999999935e-03 -2.353970000000000097e-04 1.161839999999999976e-04
-2.502190000000000056e-03 -2.443699999999999930e-04 1.264100000000000043e-04
-2.592530000000000008e-03 -2.541849999999999795e-04 1.365650000000000045e-04
-2.683570000000000139e-03 -2.642130000000000129e-04 1.472889999999999920e-04
-2.775440000000000112e-03 -2.755370000000000150e-04 1.568569999999999925e-04
-2.870160000000000072e-03 -2.873269999999999817e-04 1.663280000000000108e-04
-2.973869999999999986e-03 -2.990910000000000270e-04 1.765480000000000044e-04
-3.071949999999999941e-03 -3.109400000000000011e-04 1.868960000000000077e-04
-3.173029999999999861e-03 -3.227740000000000101e-04 1.976219999999999995e-04
-3.274360000000000031e-03 -3.342360000000000166e-04 2.086909999999999980e-04
-3.373319999999999964e-03 -3.452600000000000113e-04 2.199969999999999877e-04
-3.467549999999999799e-03 -3.556669999999999949e-04 2.314919999999999988e-04
-3.563859999999999858e-03 -3.653770000000000086e-04 2.437940000000000040e-04
-3.658020000000000108e-03 -3.744640000000000251e-04 2.565269999999999920e-04
-3.751169999999999852e-03 -3.828360000000000053e-04 2.699029999999999940e-04
-3.843490000000000188e-03 -3.907359999999999805e-04 2.837319999999999729e-04
-3.934639999999999666e-03 -3.981179999999999853e-04 2.980600000000000025e-04
-4.021359999999999865e-03 -4.050740000000000048e-04 3.127110000000000219e-04
-4.110670000000000296e-03 -4.113569999999999987e-04 3.280840000000000253e-04
-4.199099999999999881e-03 -4.169069999999999981e-04 3.442569999999999940e-04
-4.286380000000000225e-03 -4.216930000000000027e-04 3.610880000000000231e-04
-4.372169999999999876e-03 -4.254570000000000162e-04 3.787759999999999933e-04
-4.456629999999999620e-03 -4.292030000000000172e-04 3.965719999999999835e-04
-4.538030000000000189e-03 -4.337659999999999801e-04 4.142419999999999956e-04
-4.615140000000000214e-03 -4.391110000000000044e-04 4.322740000000000154e-04
-4.693410000000000290e-03 -4.456579999999999808e-04 4.495890000000000216e-04
-4.779430000000000310e-03 -4.537680000000000099e-04 4.649419999999999812e-04
-4.866549999999999869e-03 -4.626300000000000074e-04 4.799490000000000223e-04
-4.954899999999999929e-03 -4.720060000000000206e-04 4.947629999999999520e-04
-5.044400000000000099e-03 -4.817229999999999819e-04 5.094360000000000468e-04
-5.135019999999999689e-03 -4.914710000000000519e-04 5.241990000000000408e-04
-5.226390000000000029e-03 -5.007920000000000123e-04 5.393309999999999901e-04
-5.318609999999999657e-03 -5.097069999999999769e-04 5.546550000000000352e-04
-5.412590000000000109e-03 -5.178830000000000152e-04 5.704370000000000274e-04
-5.509370000000000413e-03 -5.250600000000000449e-04 5.869890000000000004e-04
-5.606469999999999683e-03 -5.314430000000000412e-04 6.040639999999999682e-04
-5.700689999999999577e-03 -5.372489999999999514e-04 6.213949999999999552e-04
-5.795370000000000209e-03 -5.423700000000000266e-04 6.393170000000000320e-04
-5.889809999999999664e-03 -5.473579999999999592e-04 6.574420000000000524e-04
-5.983289999999999616e-03 -5.528420000000000036e-04 6.753580000000000347e-04
-6.075279999999999743e-03 -5.587320000000000437e-04 6.932379999999999922e-04
-6.166470000000000284e-03 -5.649200000000000055e-04 7.111220000000000128e-04
-6.256839999999999624e-03 -5.713629999999999707e-04 7.290559999999999532e-04
-6.346369999999999616e-03 -5.779669999999999773e-04 7.470810000000000254e-04
-6.434879999999999593e-03 -5.845250000000000185e-04 7.653249999999999680e-04
-6.522219999999999580e-03 -5.911100000000000512e-04 7.836790000000000162e-04
-6.608700000000000338e-03 -5.977069999999999475e-04 8.021670000000000059e-04
-6.694600000000000203e-03 -6.043799999999999563e-04 8.207530000000000207e-04
-6.780239999999999878e-03 -6.113340000000000527e-04 8.392989999999999479e-04
-6.866080000000000100e-03 -6.184240000000000136e-04 8.578729999999999906e-04
-6.952400000000000073e-03 -6.255559999999999853e-04 8.765090000000000338e-04
-7.039400000000000344e-03 -6.327979999999999543e-04 8.951540000000000018e-04
-7.126930000000000071e-03 -6.401399999999999799e-04 9.138199999999999752e-04
-7.215140000000000095e-03 -6.474109999999999717e-04 9.325989999999999931e-04
-7.304090000000000062e-03 -6.542800000000000308e-04 9.516900000000000446e-04
-7.393740000000000208e-03 -6.608029999999999547e-04 9.710559999999999808e-04
-7.484099999999999607e-03 -6.671840000000000279e-04 9.905700000000000789e-04
-7.575079999999999661e-03 -6.732679999999999785e-04 1.010330000000000039e-03
-7.666479999999999823e-03 -6.787740000000000440e-04 1.030490000000000008e-03
-7.758339999999999854e-03 -6.839349999999999900e-04 1.050930000000000050e-03
-7.850499999999999839e-03 -6.891339999999999922e-04 1.071450000000000050e-03
-7.942869999999999445e-03 -6.941799999999999707e-04 1.092169999999999946e-03
-8.035080000000000000e-03 -6.990050000000000473e-04 1.113180000000000072e-03
-8.126780000000000115e-03 -7.037089999999999535e-04 1.134379999999999937e-03
-8.217570000000000430e-03 -7.083789999999999748e-04 1.155709999999999897e-03
-8.306950000000000445e-03 -7.132209999999999939e-04 1.177010000000000035e-03
-8.395549999999999888e-03 -7.183680000000000447e-04 1.198229999999999998e-03
-8.483440000000000078e-03 -7.238410000000000243e-04 1.219379999999999943e-03
-8.570670000000000718e-03 -7.296419999999999642e-04 1.240470000000000027e-03
-8.657500000000000265e-03 -7.359730000000000091e-04 1.261409999999999918e-03
-8.743980000000000155e-03 -7.426769999999999639e-04 1.282300000000000106e-03
-8.830279999999999380e-03 -7.495019999999999807e-04 1.303310000000000015e-03
-8.916659999999999864e-03 -7.562099999999999985e-04 1.324440000000000079e-03
-9.003300000000000539e-03 -7.625519999999999998e-04 1.345789999999999920e-03
-9.090489999999999682e-03 -7.694919999999999842e-04 1.366950000000000023e-03
-9.178300000000000347e-03 -7.765899999999999626e-04 1.388179999999999926e-03
-9.266669999999999421e-03 -7.826169999999999915e-04 1.410039999999999991e-03
-9.355789999999999246e-03 -7.890570000000000179e-04 1.431669999999999904e-03
-9.445429999999999451e-03 -7.946340000000000087e-04 1.453880000000000059e-03
-9.535449999999999135e-03 -7.994159999999999504e-04 1.476639999999999984e-03
-9.625740000000000685e-03 -8.034890000000000044e-04 1.499880000000000093e-03
-9.716390000000000096e-03 -8.068889999999999786e-04 1.523609999999999895e-03
-9.806679999999999911e-03 -8.099070000000000097e-04 1.547610000000000045e-03
-9.896540000000000545e-03 -8.131990000000000182e-04 1.571560000000000058e-03
-9.985970000000000263e-03 -8.168830000000000188e-04 1.595650000000000106e-03
-1.007500000000000062e-02 -8.208970000000000112e-04 1.619599999999999903e-03
-1.016350000000000066e-02 -8.252700000000000183e-04 1.643380000000000058e-03
-1.025159999999999960e-02 -8.301170000000000077e-04 1.668020000000000093e-03
-1.033929999999999919e-02 -8.350659999999999767e-04 1.694439999999999965e-03
-1.042629999999999946e-02 -8.407749999999999859e-04 1.718469999999999937e-03
-1.051290000000000037e-02 -8.470720000000000376e-04 1.741539999999999972e-03
-1.059960000000000069e-02 -8.538950000000000229e-04 1.764270000000000074e-03
-1.068640000000000041e-02 -8.603589999999999936e-04 1.787350000000000050e-03
-1.077329999999999954e-02 -8.665139999999999778e-04 1.810729999999999978e-03
-1.086059999999999977e-02 -8.722110000000000149e-04 1.834480000000000095e-03
-1.094819999999999995e-02 -8.774629999999999843e-04 1.858590000000000025e-03
-1.103610000000000008e-02 -8.824049999999999516e-04 1.882970000000000086e-03
-1.112420000000000075e-02 -8.870090000000000179e-04 1.907639999999999943e-03
-1.121250000000000024e-02 -8.912949999999999562e-04 1.932609999999999970e-03
-1.130109999999999969e-02 -8.952559999999999815e-04 1.957860000000000069e-03
-1.138980000000000027e-02 -8.989720000000000523e-04 1.983359999999999984e-03
-1.147869999999999967e-02 -9.024960000000000274e-04 2.009079999999999894e-03
-1.156760000000000080e-02 -9.060010000000000285e-04 2.034910000000000017e-03
-1.165640000000000079e-02 -9.096780000000000274e-04 2.060730000000000200e-03
-1.174490000000000083e-02 -9.135459999999999978e-04 2.086600000000000087e-03
-1.183320000000000032e-02 -9.175900000000000289e-04 2.112520000000000110e-03
-1.192119999999999985e-02 -9.217589999999999681e-04 2.138549999999999913e-03
-1.200880000000000003e-02 -9.259169999999999510e-04 2.164849999999999847e-03
-1.209619999999999966e-02 -9.307189999999999908e-04 2.190790000000000185e-03
-1.218349999999999989e-02 -9.361960000000000334e-04 2.216300000000000041e-03
-1.227059999999999956e-02 -9.417209999999999644e-04 2.241910000000000170e-03
-1.235739999999999929e-02 -9.469259999999999526e-04 2.267910000000000151e-03
-1.244409999999999961e-02 -9.518769999999999532e-04 2.294179999999999831e-03
-1.253089999999999933e-02 -9.565430000000000200e-04 2.320710000000000134e-03
-1.261789999999999960e-02 -9.609840000000000135e-04 2.347469999999999939e-03
-1.270489999999999987e-02 -9.652330000000000198e-04 2.374439999999999797e-03
-1.279199999999999955e-02 -9.692770000000000509e-04 2.401640000000000025e-03
-1.287929999999999978e-02 -9.731790000000000145e-04 2.429039999999999932e-03
-1.296669999999999941e-02 -9.769489999999999598e-04 2.456639999999999952e-03
-1.305420000000000018e-02 -9.806050000000000617e-04 2.484430000000000145e-03
-1.314180000000000036e-02 -9.842259999999999377e-04 2.512350000000000000e-03
-1.322949999999999994e-02 -9.877939999999999551e-04 2.540430000000000205e-03
-1.331730000000000066e-02 -9.913610000000000651e-04 2.568630000000000132e-03
-1.340500000000000025e-02 -9.950049999999999780e-04 2.596900000000000076e-03
-1.349269999999999983e-02 -9.986780000000000223e-04 2.625279999999999801e-03
-1.358030000000000001e-02 -1.002419999999999960e-03 2.653729999999999978e-03
-1.366780000000000078e-02 -1.006240000000000042e-03 2.682260000000000113e-03
-1.375509999999999927e-02 -1.010119999999999985e-03 2.710859999999999832e-03
-1.384230000000000009e-02 -1.014020000000000025e-03 2.739559999999999825e-03
-1.392939999999999977e-02 -1.017950000000000105e-03 2.768360000000000092e-03
-1.401630000000000063e-02 -1.021910000000000006e-03 2.797239999999999883e-03
-1.410299999999999922e-02 -1.025810000000000046e-03 2.826260000000000144e-03
-1.418960000000000013e-02 -1.029689999999999989e-03 2.855390000000000185e-03
-1.427600000000000049e-02 -1.033539999999999893e-03 2.884649999999999888e-03
-1.436250000000000027e-02 -1.037319999999999996e-03 2.914060000000000001e-03
-1.444879999999999949e-02 -1.041049999999999962e-03 2.943600000000000209e-03
-1.453510000000000045e-02 -1.044699999999999969e-03 2.973299999999999901e-03
-1.462139999999999967e-02 -1.048270000000000018e-03 3.003169999999999885e-03
-1.470780000000000004e-02 -1.051760000000000108e-03 3.033189999999999845e-03
-1.479439999999999922e-02 -1.055170000000000023e-03 3.063399999999999977e-03
-1.488100000000000013e-02 -1.058549999999999899e-03 3.093750000000000146e-03
-1.496759999999999931e-02 -1.061890000000000013e-03 3.124220000000000035e-03
-1.505429999999999963e-02 -1.065240000000000067e-03 3.154829999999999961e-03
-1.514099999999999994e-02 -1.068560000000000083e-03 3.185560000000000041e-03
-1.522760000000000086e-02 -1.071890000000000039e-03 3.216399999999999901e-03
-1.531429999999999944e-02 -1.075199999999999897e-03 3.247349999999999976e-03
-1.540079999999999921e-02 -1.078519999999999913e-03 3.278420000000000206e-03
-1.548719999999999958e-02 -1.081869999999999967e-03 3.309560000000000019e-03
-1.557359999999999994e-02 -1.085199999999999923e-03 3.340829999999999928e-03
-1.565990000000000090e-02 -1.088500000000000058e-03 3.372229999999999932e-03
-1.574619999999999839e-02 -1.091769999999999937e-03 3.403750000000000091e-03
-1.583239999999999995e-02 -1.095040000000000032e-03 3.435380000000000031e-03
-1.591849999999999862e-02 -1.098299999999999971e-03 3.467130000000000125e-03
-1.600460000000000077e-02 -1.101540000000000028e-03 3.498999999999999940e-03
-1.609069999999999945e-02 -1.104750000000000046e-03 3.530989999999999910e-03
-1.617669999999999872e-02 -1.107930000000000026e-03 3.563119999999999916e-03
-1.626259999999999858e-02 -1.111079999999999967e-03 3.595389999999999957e-03
-1.634849999999999845e-02 -1.114200000000000086e-03 3.627790000000000094e-03
-1.643429999999999891e-02 -1.117289999999999950e-03 3.660300000000000012e-03
-1.652009999999999937e-02 -1.120340000000000051e-03 3.692979999999999787e-03
-1.660589999999999983e-02 -1.123340000000000016e-03 3.725819999999999913e-03
-1.669160000000000088e-02 -1.126320000000000099e-03 3.758790000000000135e-03
-1.677719999999999906e-02 -1.129269999999999927e-03 3.791880000000000077e-03
-1.686290000000000011e-02 -1.132189999999999933e-03 3.825100000000000115e-03
-1.694849999999999829e-02 -1.135090000000000057e-03 3.858439999999999873e-03
-1.703400000000000053e-02 -1.137959999999999926e-03 3.891910000000000161e-03
-1.711949999999999930e-02 -1.140799999999999974e-03 3.925500000000000170e-03
-1.720500000000000154e-02 -1.143600000000000042e-03 3.959240000000000155e-03
-1.729030000000000150e-02 -1.146349999999999973e-03 3.993159999999999939e-03
-1.737570000000000087e-02 -1.149070000000000083e-03 4.027199999999999877e-03
-1.746100000000000083e-02 -1.151759999999999937e-03 4.061359999999999970e-03
-1.754630000000000078e-02 -1.154429999999999909e-03 4.095650000000000159e-03
-1.763150000000000134e-02 -1.157070000000000060e-03 4.130069999999999575e-03
-1.771669999999999842e-02 -1.159689999999999896e-03 4.164600000000000073e-03
-1.780179999999999957e-02 -1.162279999999999910e-03 4.199259999999999798e-03
-1.788690000000000072e-02 -1.164789999999999966e-03 4.234100000000000190e-03
-1.797179999999999958e-02 -1.167190000000000024e-03 4.269180000000000023e-03
-1.805680000000000132e-02 -1.169560000000000044e-03 4.304370000000000071e-03
-1.814160000000000078e-02 -1.171909999999999966e-03 4.339690000000000214e-03
-1.822649999999999965e-02 -1.174230000000000065e-03 4.375139999999999585e-03
-1.831129999999999911e-02 -1.176519999999999910e-03 4.410700000000000037e-03
-1.839599999999999916e-02 -1.178790000000000089e-03 4.446389999999999718e-03
-1.848069999999999921e-02 -1.181039999999999954e-03 4.482210000000000361e-03
-1.856539999999999926e-02 -1.183250000000000057e-03 4.518140000000000350e-03
-1.864999999999999991e-02 -1.185450000000000002e-03 4.554210000000000376e-03
-1.873460000000000056e-02 -1.187609999999999968e-03 4.590389999999999748e-03
-1.881909999999999833e-02 -1.189750000000000052e-03 4.626700000000000083e-03
-1.890359999999999957e-02 -1.191870000000000039e-03 4.663129999999999706e-03
-1.898800000000000140e-02 -1.193959999999999987e-03 4.699680000000000350e-03
-1.907239999999999977e-02 -1.196019999999999896e-03 4.736360000000000223e-03
-1.915669999999999873e-02 -1.198059999999999924e-03 4.773160000000000250e-03
-1.924100000000000116e-02 -1.200029999999999934e-03 4.810140000000000075e-03
-1.932520000000000071e-02 -1.201849999999999967e-03 4.847390000000000032e-03
-1.940930000000000086e-02 -1.203639999999999962e-03 4.884770000000000084e-03
-1.949330000000000160e-02 -1.205410000000000075e-03 4.922270000000000291e-03
-1.957729999999999887e-02 -1.207160000000000091e-03 4.959889999999999785e-03
-1.966129999999999961e-02 -1.208880000000000067e-03 4.997630000000000301e-03
-1.974520000000000094e-02 -1.210570000000000005e-03 5.035500000000000045e-03
-1.982909999999999881e-02 -1.212240000000000062e-03 5.073489999999999944e-03
-1.991290000000000074e-02 -1.213880000000000080e-03 5.111599999999999998e-03
-1.999669999999999920e-02 -1.215490000000000060e-03 5.149840000000000147e-03
-2.008040000000000172e-02 -1.217079999999999941e-03 5.188189999999999642e-03
-2.016410000000000077e-02 -1.218649999999999942e-03 5.226670000000000101e-03
-2.024770000000000042e-02 -1.220189999999999903e-03 5.265269999999999846e-03
-2.033130000000000007e-02 -1.221700000000000043e-03 5.303999999999999687e-03
-2.041480000000000031e-02 -1.223190000000000085e-03 5.342839999999999742e-03
-2.049830000000000055e-02 -1.224660000000000028e-03 5.381809999999999893e-03
-2.058170000000000138e-02 -1.226040000000000072e-03 5.420979999999999722e-03
-2.066489999999999994e-02 -1.227159999999999926e-03 5.460590000000000409e-03
-2.074809999999999849e-02 -1.228259999999999899e-03 5.500309999999999575e-03
-2.083120000000000110e-02 -1.229339999999999990e-03 5.540159999999999703e-03
-2.091420000000000085e-02 -1.230390000000000043e-03 5.580120000000000045e-03
-2.099720000000000059e-02 -1.231410000000000057e-03 5.620209999999999616e-03
-2.108020000000000033e-02 -1.232409999999999973e-03 5.660420000000000208e-03
-2.116310000000000066e-02 -1.233390000000000007e-03 5.700750000000000088e-03
-2.124590000000000159e-02 -1.234340000000000003e-03 5.741210000000000063e-03
-2.132869999999999905e-02 -1.235259999999999960e-03 5.781780000000000252e-03
-2.141140000000000057e-02 -1.236160000000000037e-03 5.822479999999999670e-03
-2.149409999999999862e-02 -1.237030000000000074e-03 5.863290000000000168e-03
-2.157680000000000015e-02 -1.237880000000000013e-03 5.904229999999999895e-03
-2.165939999999999879e-02 -1.238699999999999914e-03 5.945289999999999776e-03
-2.174190000000000150e-02 -1.239499999999999933e-03 5.986459999999999872e-03
-2.182440000000000074e-02 -1.240269999999999914e-03 6.027760000000000062e-03
-2.190680000000000058e-02 -1.241020000000000014e-03 6.069180000000000408e-03
-2.198920000000000041e-02 -1.241740000000000075e-03 6.110729999999999981e-03
-2.207160000000000025e-02 -1.242440000000000037e-03 6.152389999999999769e-03
-2.215380000000000127e-02 -1.243109999999999962e-03 6.194169999999999711e-03
-2.223610000000000170e-02 -1.243760000000000004e-03 6.236069999999999808e-03
-2.231829999999999925e-02 -1.244380000000000009e-03 6.278100000000000000e-03
-2.240040000000000087e-02 -1.244979999999999915e-03 6.320240000000000406e-03
-2.248249999999999901e-02 -1.245549999999999999e-03 6.362500000000000100e-03
-2.256450000000000122e-02 -1.246090000000000045e-03 6.404889999999999889e-03
-2.264649999999999996e-02 -1.246609999999999992e-03 6.447389999999999892e-03
-2.272839999999999930e-02 -1.247110000000000059e-03 6.490019999999999990e-03
-2.281019999999999923e-02 -1.247580000000000086e-03 6.532760000000000303e-03
-2.289199999999999915e-02 -1.248030000000000016e-03 6.575619999999999903e-03
-2.297379999999999908e-02 -1.248449999999999907e-03 6.618609999999999598e-03
-2.305549999999999961e-02 -1.248839999999999976e-03 6.661710000000000374e-03
-2.313710000000000072e-02 -1.249209999999999947e-03 6.704940000000000379e-03
-2.321869999999999837e-02 -1.249539999999999939e-03 6.748310000000000419e-03
-2.330000000000000127e-02 -1.249609999999999957e-03 6.792119999999999581e-03
-2.338130000000000069e-02 -1.249649999999999936e-03 6.836039999999999825e-03
-2.346250000000000072e-02 -1.249670000000000034e-03 6.880090000000000164e-03
-2.354370000000000074e-02 -1.249660000000000094e-03 6.924259999999999790e-03
-2.362480000000000135e-02 -1.249619999999999898e-03 6.968539999999999630e-03
-2.370579999999999909e-02 -1.249569999999999978e-03 7.012939999999999625e-03
-2.378680000000000030e-02 -1.249480000000000078e-03 7.057469999999999716e-03
-2.386780000000000151e-02 -1.249380000000000022e-03 7.102110000000000020e-03
-2.394860000000000044e-02 -1.249239999999999986e-03 7.146869999999999612e-03
-2.402949999999999878e-02 -1.249090000000000009e-03 7.191750000000000226e-03
-2.411019999999999830e-02 -1.248900000000000053e-03 7.236750000000000127e-03
-2.419090000000000129e-02 -1.248699999999999940e-03 7.281860000000000242e-03
-2.427160000000000081e-02 -1.248470000000000005e-03 7.327099999999999586e-03
-2.435220000000000093e-02 -1.248210000000000031e-03 7.372450000000000010e-03
-2.443270000000000164e-02 -1.247929999999999959e-03 7.417919999999999722e-03
-2.451319999999999888e-02 -1.247620000000000066e-03 7.463509999999999589e-03
-2.459360000000000018e-02 -1.247290000000000074e-03 7.509219999999999610e-03
-2.467400000000000149e-02 -1.246930000000000044e-03 7.555049999999999787e-03
-2.475429999999999992e-02 -1.246549999999999915e-03 7.600990000000000177e-03
-2.483459999999999834e-02 -1.246149999999999905e-03 7.647049999999999854e-03
-2.491480000000000083e-02 -1.245720000000000074e-03 7.693229999999999687e-03
-2.499490000000000045e-02 -1.245269999999999927e-03 7.739529999999999674e-03
-2.507500000000000007e-02 -1.244789999999999959e-03 7.785949999999999815e-03
-2.515500000000000028e-02 -1.244279999999999952e-03 7.832479999999999304e-03
-2.523500000000000049e-02 -1.243750000000000064e-03 7.879139999999999755e-03
-2.531490000000000129e-02 -1.243200000000000078e-03 7.925909999999999553e-03
-2.539469999999999922e-02 -1.242620000000000053e-03 7.972790000000000432e-03
-2.547450000000000062e-02 -1.242019999999999930e-03 8.019800000000000539e-03
-2.555429999999999854e-02 -1.241389999999999985e-03 8.066919999999999993e-03
-2.563390000000000113e-02 -1.240739999999999942e-03 8.114160000000000469e-03
-2.571350000000000025e-02 -1.240070000000000018e-03 8.161520000000000233e-03
-2.579309999999999936e-02 -1.239370000000000055e-03 8.208989999999999343e-03
-2.587249999999999966e-02 -1.238649999999999994e-03 8.256700000000000497e-03
-2.595180000000000056e-02 -1.237910000000000052e-03 8.304529999999999204e-03
-2.603110000000000146e-02 -1.237140000000000071e-03 8.352480000000000668e-03
-2.611029999999999948e-02 -1.236349999999999992e-03 8.400549999999999684e-03
-2.618940000000000157e-02 -1.235530000000000092e-03 8.448729999999999782e-03
-2.626850000000000018e-02 -1.234690000000000093e-03 8.497040000000000842e-03
-2.634749999999999939e-02 -1.233820000000000056e-03 8.545449999999999574e-03
-2.642639999999999920e-02 -1.232929999999999920e-03 8.593989999999999269e-03
-2.650529999999999900e-02 -1.232019999999999903e-03 8.642640000000000045e-03
-2.658419999999999880e-02 -1.231080000000000065e-03 8.691400000000000167e-03
-2.666299999999999920e-02 -1.230119999999999911e-03 8.740279999999999577e-03
-2.674170000000000019e-02 -1.229129999999999936e-03 8.789280000000000009e-03
-2.682029999999999831e-02 -1.228120000000000080e-03 8.838399999999999729e-03
-2.689889999999999989e-02 -1.227079999999999968e-03 8.887630000000000530e-03
-2.697739999999999860e-02 -1.226019999999999974e-03 8.936970000000000677e-03
-2.705590000000000078e-02 -1.224940000000000100e-03 8.986440000000000053e-03
-2.713430000000000009e-02 -1.223829999999999970e-03 9.036020000000000510e-03
-2.721259999999999998e-02 -1.222690000000000018e-03 9.085710000000000314e-03
-2.729089999999999988e-02 -1.221539999999999909e-03 9.135519999999999405e-03
-2.736910000000000037e-02 -1.220350000000000037e-03 9.185449999999999518e-03
-2.744730000000000086e-02 -1.219150000000000008e-03 9.235490000000000713e-03
-2.752539999999999848e-02 -1.217919999999999940e-03 9.285639999999999519e-03
-2.760340000000000016e-02 -1.216660000000000050e-03 9.335909999999999348e-03
-2.768139999999999837e-02 -1.215380000000000063e-03 9.386300000000000199e-03
-2.775930000000000064e-02 -1.214079999999999977e-03 9.436800000000000396e-03
-2.783710000000000004e-02 -1.212750000000000069e-03 9.487419999999999881e-03
-2.791489999999999944e-02 -1.211400000000000064e-03 9.538160000000000388e-03
-2.799259999999999943e-02 -1.210029999999999960e-03 9.589000000000000301e-03
-2.807020000000000001e-02 -1.208630000000000034e-03 9.639969999999999442e-03
-2.814780000000000060e-02 -1.207200000000000070e-03 9.691039999999999724e-03
-2.822529999999999831e-02 -1.205750000000000008e-03 9.742239999999999234e-03
-2.830279999999999949e-02 -1.204280000000000064e-03 9.793539999999999884e-03
-2.838009999999999838e-02 -1.202630000000000105e-03 9.845160000000000369e-03
-2.845730000000000134e-02 -1.200920000000000069e-03 9.896939999999999904e-03
-2.853450000000000084e-02 -1.199179999999999994e-03 9.948840000000000461e-03
-2.861160000000000092e-02 -1.197420000000000038e-03 1.000080000000000066e-02
-2.868870000000000101e-02 -1.195639999999999984e-03 1.005299999999999944e-02
-2.876559999999999881e-02 -1.193830000000000108e-03 1.010519999999999995e-02
-2.884250000000000008e-02 -1.191999999999999917e-03 1.015759999999999927e-02
-2.891940000000000136e-02 -1.190139999999999905e-03 1.021000000000000033e-02
-2.899619999999999975e-02 -1.188260000000000011e-03 1.026260000000000019e-02
-2.907289999999999874e-02 -1.186360000000000019e-03 1.031529999999999947e-02
-2.914949999999999833e-02 -1.184429999999999988e-03 1.036809999999999989e-02
-2.922610000000000138e-02 -1.182469999999999919e-03 1.042099999999999971e-02
-2.930260000000000156e-02 -1.180499999999999909e-03 1.047410000000000008e-02
-2.937909999999999827e-02 -1.178500000000000077e-03 1.052720000000000045e-02
-2.945539999999999964e-02 -1.176469999999999990e-03 1.058049999999999963e-02
-2.953170000000000101e-02 -1.174429999999999962e-03 1.063380000000000054e-02
-2.960799999999999890e-02 -1.172359999999999895e-03 1.068730000000000027e-02
-2.968420000000000086e-02 -1.170260000000000007e-03 1.074089999999999941e-02
-2.976029999999999995e-02 -1.168140000000000020e-03 1.079459999999999968e-02
-2.983629999999999963e-02 -1.165999999999999936e-03 1.084850000000000050e-02
-2.991229999999999931e-02 -1.163830000000000029e-03 1.090239999999999959e-02
-2.998819999999999958e-02 -1.161640000000000025e-03 1.095649999999999923e-02
-3.006400000000000045e-02 -1.159429999999999922e-03 1.101060000000000060e-02
-3.013980000000000131e-02 -1.157189999999999998e-03 1.106490000000000078e-02
-3.021549999999999930e-02 -1.154920000000000035e-03 1.111930000000000036e-02
-3.029110000000000136e-02 -1.152639999999999915e-03 1.117379999999999936e-02
-3.036669999999999994e-02 -1.150329999999999972e-03 1.122839999999999949e-02
-3.044219999999999912e-02 -1.147999999999999932e-03 1.128310000000000077e-02
-3.051759999999999889e-02 -1.145640000000000070e-03 1.133800000000000086e-02
-3.059299999999999867e-02 -1.143259999999999893e-03 1.139289999999999921e-02
-3.066829999999999903e-02 -1.140860000000000051e-03 1.144799999999999984e-02
-3.074349999999999999e-02 -1.138429999999999954e-03 1.150319999999999988e-02
-3.081849999999999867e-02 -1.135820000000000059e-03 1.155860000000000047e-02
-3.089350000000000082e-02 -1.133099999999999949e-03 1.161429999999999928e-02
-3.096840000000000009e-02 -1.130369999999999899e-03 1.167009999999999922e-02
-3.104319999999999996e-02 -1.127610000000000027e-03 1.172589999999999917e-02
-3.111799999999999983e-02 -1.124819999999999900e-03 1.178189999999999966e-02
-3.119270000000000029e-02 -1.122020000000000049e-03 1.183799999999999956e-02
-3.126729999999999787e-02 -1.119180000000000001e-03 1.189420000000000061e-02
-3.134180000000000299e-02 -1.116330000000000013e-03 1.195060000000000046e-02
-3.141630000000000117e-02 -1.113449999999999987e-03 1.200700000000000031e-02
-3.149070000000000341e-02 -1.110550000000000079e-03 1.206349999999999957e-02
-3.156500000000000278e-02 -1.107630000000000073e-03 1.212019999999999938e-02
-3.163930000000000214e-02 -1.104680000000000028e-03 1.217700000000000032e-02
-3.171340000000000270e-02 -1.101710000000000102e-03 1.223390000000000068e-02
-3.178759999999999919e-02 -1.098709999999999921e-03 1.229079999999999930e-02
-3.186159999999999687e-02 -1.095690000000000075e-03 1.234790000000000020e-02
-3.193560000000000149e-02 -1.092649999999999915e-03 1.240510000000000050e-02
-3.200950000000000323e-02 -1.089590000000000090e-03 1.246249999999999962e-02
-3.208330000000000209e-02 -1.086500000000000009e-03 1.251990000000000047e-02
-3.215699999999999809e-02 -1.083390000000000047e-03 1.257740000000000073e-02
-3.223070000000000102e-02 -1.080250000000000047e-03 1.263509999999999980e-02
-3.230430000000000107e-02 -1.077089999999999948e-03 1.269290000000000002e-02
-3.237790000000000112e-02 -1.073909999999999969e-03 1.275070000000000023e-02
-3.245130000000000237e-02 -1.070710000000000108e-03 1.280869999999999925e-02
-3.252469999999999667e-02 -1.067479999999999991e-03 1.286679999999999942e-02
-3.259800000000000197e-02 -1.064229999999999994e-03 1.292500000000000072e-02
-3.267130000000000034e-02 -1.060949999999999957e-03 1.298329999999999970e-02
-3.274439999999999990e-02 -1.057659999999999980e-03 1.304169999999999982e-02
-3.281749999999999945e-02 -1.054339999999999965e-03 1.310030000000000049e-02
-3.289059999999999900e-02 -1.050989999999999910e-03 1.315889999999999942e-02
-3.296349999999999975e-02 -1.047619999999999975e-03 1.321759999999999949e-02
-3.303640000000000049e-02 -1.044229999999999941e-03 1.327650000000000011e-02
-3.310919999999999835e-02 -1.040820000000000026e-03 1.333550000000000013e-02
-3.318190000000000028e-02 -1.037319999999999996e-03 1.339459999999999956e-02
-3.325440000000000340e-02 -1.033730000000000065e-03 1.345400000000000068e-02
-3.332689999999999958e-02 -1.030120000000000037e-03 1.351340000000000006e-02
-3.339940000000000270e-02 -1.026489999999999911e-03 1.357300000000000000e-02
-3.347170000000000006e-02 -1.022829999999999963e-03 1.363259999999999993e-02
-3.354399999999999743e-02 -1.019160000000000075e-03 1.369240000000000040e-02
-3.361619999999999886e-02 -1.015449999999999990e-03 1.375230000000000029e-02
-3.368829999999999741e-02 -1.011729999999999964e-03 1.381229999999999958e-02
-3.376040000000000291e-02 -1.007979999999999900e-03 1.387240000000000001e-02
-3.383230000000000265e-02 -1.004209999999999955e-03 1.393259999999999985e-02
-3.390420000000000239e-02 -1.000419999999999912e-03 1.399290000000000082e-02
-3.397599999999999926e-02 -9.966039999999998927e-04 1.405340000000000061e-02
-3.404780000000000306e-02 -9.927650000000000537e-04 1.411390000000000040e-02
-3.411949999999999705e-02 -9.889040000000000850e-04 1.417449999999999960e-02
-3.419099999999999917e-02 -9.850189999999999554e-04 1.423529999999999934e-02
-3.426259999999999722e-02 -9.811119999999999130e-04 1.429610000000000082e-02
-3.433400000000000341e-02 -9.771820000000000506e-04 1.435709999999999938e-02
-3.440540000000000265e-02 -9.732290000000000428e-04 1.441820000000000081e-02
-3.447660000000000308e-02 -9.692529999999999982e-04 1.447930000000000050e-02
-3.454789999999999944e-02 -9.652550000000000409e-04 1.454060000000000075e-02
-3.461899999999999700e-02 -9.612340000000000467e-04 1.460200000000000040e-02
-3.468999999999999861e-02 -9.571900000000000156e-04 1.466349999999999945e-02
-3.476100000000000023e-02 -9.531229999999999477e-04 1.472509999999999965e-02
-3.483189999999999897e-02 -9.490339999999999670e-04 1.478679999999999925e-02
-3.490270000000000178e-02 -9.449219999999999495e-04 1.484869999999999940e-02
-3.497349999999999764e-02 -9.407870000000000035e-04 1.491059999999999955e-02
-3.504410000000000164e-02 -9.366300000000000363e-04 1.497260000000000084e-02
-3.511469999999999869e-02 -9.324500000000000323e-04 1.503469999999999980e-02
-3.518519999999999981e-02 -9.282480000000000071e-04 1.509699999999999931e-02
-3.525559999999999805e-02 -9.240230000000000535e-04 1.515930000000000055e-02
-3.532600000000000323e-02 -9.197759999999999703e-04 1.522180000000000061e-02
-3.539620000000000266e-02 -9.155059999999999587e-04 1.528440000000000007e-02
-3.546640000000000209e-02 -9.111660000000000375e-04 1.534710000000000067e-02
-3.553649999999999864e-02 -9.067380000000000318e-04 1.541009999999999949e-02
-3.560649999999999926e-02 -9.022869999999999892e-04 1.547319999999999945e-02
-3.567639999999999700e-02 -8.978140000000000339e-04 1.553640000000000056e-02
-3.574619999999999881e-02 -8.933180000000000417e-04 1.559969999999999933e-02
-3.581600000000000061e-02 -8.888000000000000284e-04 1.566309999999999925e-02
-3.588569999999999954e-02 -8.842589999999999782e-04 1.572660000000000030e-02
-3.595530000000000254e-02 -8.796949999999999995e-04 1.579030000000000017e-02
-3.602480000000000265e-02 -8.751089999999999997e-04 1.585400000000000004e-02
-3.609419999999999989e-02 -8.705009999999999788e-04 1.591779999999999931e-02
-3.616359999999999714e-02 -8.658700000000000294e-04 1.598180000000000087e-02
-3.623289999999999844e-02 -8.612169999999999504e-04 1.604579999999999895e-02
-3.630209999999999687e-02 -8.565410000000000515e-04 1.610999999999999932e-02
-3.637119999999999936e-02 -8.518430000000000229e-04 1.617419999999999969e-02
-3.644019999999999898e-02 -8.471229999999999732e-04 1.623859999999999887e-02
-3.650910000000000266e-02 -8.423799999999999951e-04 1.630300000000000152e-02
-3.657799999999999940e-02 -8.376149999999999958e-04 1.636759999999999951e-02
-3.664680000000000021e-02 -8.328269999999999597e-04 1.643230000000000038e-02
-3.671549999999999814e-02 -8.280170000000000108e-04 1.649700000000000125e-02
-3.678410000000000013e-02 -8.231850000000000408e-04 1.656190000000000093e-02
-3.685270000000000212e-02 -8.183310000000000497e-04 1.662690000000000001e-02
-3.692109999999999836e-02 -8.134550000000000374e-04 1.669199999999999851e-02
-3.698950000000000154e-02 -8.085559999999999883e-04 1.675719999999999987e-02
-3.705780000000000185e-02 -8.036350000000000264e-04 1.682250000000000065e-02
-3.712599999999999928e-02 -7.986920000000000434e-04 1.688790000000000083e-02
-3.719410000000000077e-02 -7.937270000000000393e-04 1.695340000000000041e-02
-3.726220000000000226e-02 -7.887389999999999983e-04 1.701899999999999941e-02
-3.733009999999999801e-02 -7.837299999999999519e-04 1.708470000000000127e-02
-3.739800000000000069e-02 -7.786979999999999770e-04 1.715049999999999908e-02
-3.746580000000000049e-02 -7.736449999999999967e-04 1.721639999999999976e-02
-3.753349999999999742e-02 -7.685689999999999796e-04 1.728239999999999985e-02
-3.760120000000000129e-02 -7.634710000000000498e-04 1.734849999999999934e-02
-3.766869999999999941e-02 -7.583520000000000061e-04 1.741470000000000171e-02
-3.773619999999999752e-02 -7.532100000000000340e-04 1.748109999999999942e-02
-3.780349999999999683e-02 -7.480460000000000408e-04 1.754750000000000060e-02
-3.787080000000000307e-02 -7.428600000000000264e-04 1.761400000000000118e-02
-3.793799999999999950e-02 -7.376530000000000066e-04 1.768070000000000058e-02
-3.800520000000000287e-02 -7.324229999999999500e-04 1.774739999999999998e-02
-3.807220000000000049e-02 -7.271719999999999963e-04 1.781419999999999879e-02
-3.813919999999999810e-02 -7.218990000000000216e-04 1.788119999999999987e-02
-3.820599999999999691e-02 -7.166040000000000257e-04 1.794820000000000096e-02
-3.827280000000000265e-02 -7.112870000000000087e-04 1.801530000000000145e-02
-3.833949999999999858e-02 -7.059479999999999705e-04 1.808260000000000076e-02
-3.840609999999999857e-02 -7.005880000000000354e-04 1.814990000000000006e-02
-3.847269999999999857e-02 -6.952049999999999549e-04 1.821740000000000165e-02
-3.853909999999999975e-02 -6.898009999999999775e-04 1.828489999999999976e-02
-3.860550000000000093e-02 -6.843759999999999948e-04 1.835260000000000016e-02
-3.867170000000000329e-02 -6.789279999999999751e-04 1.842030000000000056e-02
-3.873789999999999872e-02 -6.734589999999999500e-04 1.848819999999999977e-02
-3.880399999999999822e-02 -6.679680000000000123e-04 1.855609999999999898e-02
-3.887009999999999771e-02 -6.624559999999999607e-04 1.862420000000000048e-02
-3.893599999999999839e-02 -6.569219999999999964e-04 1.869240000000000138e-02
-3.900180000000000313e-02 -6.513660000000000110e-04 1.876059999999999880e-02
-3.906760000000000094e-02 -6.457890000000000201e-04 1.882899999999999852e-02
-3.913330000000000281e-02 -6.401900000000000082e-04 1.889740000000000170e-02
-3.919879999999999892e-02 -6.345699999999999908e-04 1.896600000000000022e-02
-3.926430000000000198e-02 -6.289279999999999524e-04 1.903459999999999874e-02
-3.932970000000000216e-02 -6.232650000000000169e-04 1.910339999999999955e-02
-3.939510000000000234e-02 -6.175799999999999519e-04 1.917229999999999976e-02
-3.946029999999999677e-02 -6.118739999999999899e-04 1.924119999999999997e-02
-3.952540000000000220e-02 -6.061460000000000068e-04 1.931029999999999899e-02
-3.959050000000000069e-02 -6.003970000000000183e-04 1.937940000000000149e-02
-3.965550000000000325e-02 -5.946270000000000245e-04 1.944869999999999932e-02
-3.972030000000000005e-02 -5.888350000000000094e-04 1.951800000000000063e-02
-3.978509999999999686e-02 -5.829989999999999522e-04 1.958750000000000074e-02
-3.984979999999999772e-02 -5.770140000000000425e-04 1.965729999999999908e-02
-3.991440000000000266e-02 -5.710080000000000190e-04 1.972710000000000088e-02
-3.997889999999999777e-02 -5.649799999999999744e-04 1.979699999999999863e-02
-4.004339999999999983e-02 -5.589310000000000328e-04 1.986709999999999865e-02
-4.010770000000000307e-02 -5.528599999999999617e-04 1.993719999999999867e-02
-4.017199999999999938e-02 -5.467679999999999936e-04 2.000750000000000098e-02
-4.023609999999999687e-02 -5.406550000000000201e-04 2.007779999999999981e-02
-4.030020000000000130e-02 -5.345200000000000255e-04 2.014820000000000152e-02
-4.036420000000000285e-02 -5.283640000000000255e-04 2.021879999999999858e-02
-4.042799999999999866e-02 -5.221870000000000201e-04 2.028939999999999910e-02
-4.049180000000000140e-02 -5.159890000000000093e-04 2.036009999999999903e-02
-4.055559999999999721e-02 -5.097689999999999774e-04 2.043100000000000124e-02
-4.061920000000000114e-02 -5.035280000000000485e-04 2.050189999999999999e-02
-4.068270000000000219e-02 -4.972660000000000058e-04 2.057290000000000160e-02
-4.074610000000000037e-02 -4.909829999999999577e-04 2.064399999999999916e-02
-4.080949999999999855e-02 -4.846790000000000126e-04 2.071519999999999959e-02
-4.087280000000000080e-02 -4.783540000000000079e-04 2.078659999999999883e-02
-4.093589999999999729e-02 -4.720069999999999821e-04 2.085800000000000154e-02
-4.099900000000000072e-02 -4.656400000000000209e-04 2.092950000000000019e-02
-4.106200000000000128e-02 -4.592509999999999843e-04 2.100110000000000171e-02
-4.112489999999999896e-02 -4.528420000000000123e-04 2.107279999999999917e-02
-4.118770000000000070e-02 -4.464110000000000192e-04 2.114459999999999951e-02
-4.125039999999999957e-02 -4.399599999999999822e-04 2.121649999999999925e-02
-4.131300000000000250e-02 -4.334869999999999782e-04 2.128849999999999840e-02
-4.137559999999999849e-02 -4.269939999999999847e-04 2.136060000000000042e-02
-4.143800000000000261e-02 -4.204790000000000242e-04 2.143279999999999838e-02
-4.150029999999999691e-02 -4.139440000000000198e-04 2.150509999999999922e-02
-4.156259999999999816e-02 -4.073880000000000101e-04 2.157749999999999946e-02
-4.162480000000000346e-02 -4.008109999999999950e-04 2.164989999999999970e-02
-4.168680000000000302e-02 -3.942139999999999902e-04 2.172249999999999875e-02
-4.174880000000000257e-02 -3.875950000000000185e-04 2.179520000000000068e-02
-4.181069999999999925e-02 -3.809560000000000030e-04 2.186799999999999855e-02
-4.187250000000000000e-02 -3.742959999999999820e-04 2.194079999999999989e-02
-4.193419999999999787e-02 -3.676150000000000099e-04 2.201380000000000003e-02
-4.199579999999999980e-02 -3.609139999999999939e-04 2.208680000000000018e-02
-4.205729999999999885e-02 -3.541910000000000110e-04 2.215999999999999914e-02
-4.211879999999999791e-02 -3.474490000000000000e-04 2.223320000000000157e-02
-4.218009999999999815e-02 -3.406850000000000221e-04 2.230659999999999935e-02
-4.224130000000000246e-02 -3.339010000000000003e-04 2.238000000000000059e-02
-4.230249999999999982e-02 -3.270959999999999731e-04 2.245360000000000064e-02
-4.236349999999999838e-02 -3.202710000000000105e-04 2.252720000000000070e-02
-4.242449999999999694e-02 -3.134249999999999883e-04 2.260090000000000016e-02
-4.248529999999999668e-02 -3.065589999999999765e-04 2.267469999999999902e-02
-4.254610000000000336e-02 -2.996720000000000135e-04 2.274860000000000076e-02
-4.260680000000000023e-02 -2.927650000000000066e-04 2.282259999999999844e-02
-4.266740000000000116e-02 -2.858369999999999943e-04 2.289669999999999900e-02
-4.272789999999999921e-02 -2.788889999999999924e-04 2.297089999999999896e-02
-4.278819999999999846e-02 -2.719210000000000008e-04 2.304519999999999832e-02
-4.284849999999999770e-02 -2.649320000000000039e-04 2.311960000000000057e-02
-4.290879999999999694e-02 -2.579230000000000173e-04 2.319409999999999875e-02
-4.296889999999999737e-02 -2.508930000000000253e-04 2.326869999999999980e-02
-4.302890000000000187e-02 -2.438429999999999894e-04 2.334330000000000085e-02
-4.308879999999999655e-02 -2.367729999999999911e-04 2.341810000000000072e-02
-4.314860000000000223e-02 -2.296819999999999873e-04 2.349290000000000059e-02
-4.320829999999999810e-02 -2.225709999999999939e-04 2.356789999999999927e-02
-4.326800000000000090e-02 -2.154400000000000108e-04 2.364290000000000141e-02
-4.332749999999999796e-02 -2.082890000000000110e-04 2.371809999999999891e-02
-4.338689999999999908e-02 -2.010650000000000002e-04 2.379339999999999927e-02
-4.344599999999999851e-02 -1.937010000000000077e-04 2.386889999999999845e-02
-4.350489999999999913e-02 -1.863160000000000098e-04 2.394459999999999991e-02
-4.356379999999999975e-02 -1.789120000000000109e-04 2.402030000000000137e-02
-4.362259999999999749e-02 -1.714870000000000066e-04 2.409620000000000165e-02
-4.368129999999999930e-02 -1.640420000000000127e-04 2.417209999999999845e-02
-4.373989999999999823e-02 -1.565770000000000020e-04 2.424820000000000100e-02
-4.379840000000000122e-02 -1.490920000000000017e-04 2.432430000000000009e-02
-4.385680000000000134e-02 -1.415870000000000117e-04 2.440049999999999858e-02
-4.391509999999999858e-02 -1.340620000000000049e-04 2.447679999999999995e-02
-4.397329999999999989e-02 -1.265170000000000086e-04 2.455320000000000072e-02
-4.403139999999999832e-02 -1.189519999999999955e-04 2.462970000000000090e-02
-4.408940000000000081e-02 -1.113670000000000062e-04 2.470630000000000048e-02
-4.414730000000000043e-02 -1.037620000000000003e-04 2.478290000000000007e-02
-4.420509999999999717e-02 -9.610000000000000486e-05 2.485969999999999847e-02
-4.426279999999999798e-02 -8.849999999999999631e-05 2.493650000000000033e-02
-4.432040000000000285e-02 -8.079999999999999888e-05 2.501350000000000101e-02
-4.437800000000000078e-02 -7.310000000000000146e-05 2.509050000000000169e-02
-4.443539999999999990e-02 -6.540000000000000403e-05 2.516759999999999831e-02
-4.449270000000000308e-02 -5.769999999999999982e-05 2.524480000000000127e-02
-4.454990000000000339e-02 -5.000000000000000240e-05 2.532210000000000016e-02
-4.460700000000000082e-02 -4.220000000000000254e-05 2.539949999999999847e-02
-4.466409999999999825e-02 -3.440000000000000268e-05 2.547699999999999965e-02
-4.472099999999999687e-02 -2.659999999999999943e-05 2.555460000000000023e-02
-4.477779999999999955e-02 -1.879999999999999957e-05 2.563230000000000022e-02
-4.483460000000000223e-02 -1.099999999999999971e-05 2.571000000000000021e-02
-4.489119999999999916e-02 -3.090000000000000061e-06 2.578789999999999902e-02
-4.494770000000000015e-02 4.789999999999999879e-06 2.586580000000000129e-02
-4.500409999999999827e-02 1.270000000000000038e-05 2.594379999999999950e-02
-4.506050000000000333e-02 2.059999999999999928e-05 2.602190000000000059e-02
-4.511670000000000263e-02 2.860000000000000061e-05 2.610010000000000108e-02
-4.517279999999999907e-02 3.649999999999999951e-05 2.617840000000000097e-02
-4.522890000000000243e-02 4.449999999999999746e-05 2.625680000000000028e-02
-4.528480000000000005e-02 5.250000000000000218e-05 2.633529999999999899e-02
-4.534060000000000173e-02 6.050000000000000012e-05 2.641380000000000117e-02
-4.539640000000000342e-02 6.849999999999999806e-05 2.649249999999999869e-02
-4.545199999999999935e-02 7.660000000000000522e-05 2.657119999999999968e-02
-4.550749999999999934e-02 8.469999999999999881e-05 2.665000000000000008e-02
-4.556299999999999933e-02 9.280000000000000597e-05 2.672889999999999988e-02
-4.561830000000000052e-02 1.008880000000000004e-04 2.680789999999999909e-02
-4.567349999999999882e-02 1.090220000000000007e-04 2.688700000000000118e-02
-4.572860000000000119e-02 1.171760000000000043e-04 2.696619999999999920e-02
-4.578369999999999662e-02 1.253480000000000067e-04 2.704540000000000069e-02
-4.583860000000000018e-02 1.335399999999999988e-04 2.712480000000000099e-02
-4.589340000000000086e-02 1.417520000000000076e-04 2.720420000000000130e-02
-4.594809999999999867e-02 1.499820000000000016e-04 2.728370000000000101e-02
-4.600280000000000341e-02 1.582309999999999967e-04 2.736330000000000012e-02
-4.605730000000000240e-02 1.665000000000000085e-04 2.744299999999999864e-02
-4.611169999999999852e-02 1.747879999999999942e-04 2.752280000000000004e-02
-4.616599999999999870e-02 1.830939999999999922e-04 2.760270000000000085e-02
-4.622020000000000295e-02 1.914200000000000070e-04 2.768260000000000165e-02
-4.627429999999999738e-02 1.997649999999999957e-04 2.776270000000000127e-02
-4.632839999999999875e-02 2.081290000000000126e-04 2.784280000000000088e-02
-4.638230000000000131e-02 2.165109999999999875e-04 2.792299999999999990e-02
-4.643610000000000099e-02 2.249130000000000064e-04 2.800329999999999833e-02
-4.648979999999999779e-02 2.333330000000000105e-04 2.808369999999999964e-02
-4.654339999999999866e-02 2.417730000000000042e-04 2.816420000000000035e-02
-4.659689999999999666e-02 2.502310000000000103e-04 2.824480000000000046e-02
-4.665009999999999990e-02 2.588070000000000041e-04 2.832549999999999998e-02
-4.670309999999999739e-02 2.675140000000000005e-04 2.840650000000000119e-02
-4.675590000000000301e-02 2.762400000000000250e-04 2.848759999999999834e-02
-4.680870000000000170e-02 2.849840000000000077e-04 2.856869999999999896e-02
-4.686130000000000156e-02 2.937470000000000185e-04 2.864999999999999838e-02
-4.691390000000000143e-02 3.025290000000000032e-04 2.873130000000000128e-02
-4.696630000000000249e-02 3.113300000000000160e-04 2.881270000000000012e-02
-4.701869999999999661e-02 3.201500000000000027e-04 2.889419999999999836e-02
-4.707089999999999885e-02 3.289880000000000018e-04 2.897570000000000007e-02
-4.712299999999999822e-02 3.378449999999999748e-04 2.905740000000000059e-02
-4.717509999999999759e-02 3.467200000000000143e-04 2.913910000000000111e-02
-4.722699999999999815e-02 3.556139999999999735e-04 2.922100000000000045e-02
-4.727880000000000277e-02 3.645270000000000151e-04 2.930289999999999978e-02
-4.733049999999999757e-02 3.734580000000000148e-04 2.938489999999999852e-02
-4.738210000000000338e-02 3.824079999999999884e-04 2.946700000000000014e-02
-4.743359999999999937e-02 3.913769999999999901e-04 2.954909999999999828e-02
-4.748499999999999943e-02 4.003640000000000042e-04 2.963139999999999871e-02
-4.753629999999999661e-02 4.093689999999999764e-04 2.971369999999999914e-02
-4.758749999999999786e-02 4.183929999999999767e-04 2.979609999999999898e-02
-4.763860000000000317e-02 4.274349999999999894e-04 2.987860000000000169e-02
-4.768959999999999866e-02 4.364959999999999760e-04 2.996120000000000033e-02
-4.774040000000000228e-02 4.455749999999999750e-04 3.004379999999999898e-02
-4.779119999999999896e-02 4.546719999999999863e-04 3.012659999999999991e-02
-4.784189999999999970e-02 4.637880000000000258e-04 3.020940000000000084e-02
-4.789240000000000164e-02 4.729220000000000233e-04 3.029230000000000117e-02
-4.794289999999999663e-02 4.820739999999999791e-04 3.037530000000000091e-02
-4.799319999999999975e-02 4.912439999999999472e-04 3.045830000000000065e-02
-4.804339999999999999e-02 5.004329999999999976e-04 3.054149999999999920e-02
-4.809360000000000024e-02 5.096400000000000062e-04 3.062470000000000123e-02
-4.814360000000000167e-02 5.188649999999999729e-04 3.070799999999999919e-02
-4.819350000000000023e-02 5.281080000000000062e-04 3.079140000000000002e-02
-4.824330000000000285e-02 5.373689999999999977e-04 3.087490000000000026e-02
-4.829300000000000259e-02 5.466479999999999473e-04 3.095849999999999991e-02
-4.834259999999999946e-02 5.559459999999999793e-04 3.104209999999999955e-02
-4.839210000000000039e-02 5.652609999999999536e-04 3.112579999999999861e-02
-4.844149999999999845e-02 5.745950000000000103e-04 3.120960000000000054e-02
-4.849069999999999769e-02 5.839460000000000093e-04 3.129350000000000187e-02
-4.853989999999999694e-02 5.933149999999999665e-04 3.137739999999999974e-02
-4.858900000000000025e-02 6.027030000000000061e-04 3.146150000000000335e-02
-4.863789999999999780e-02 6.121079999999999880e-04 3.154560000000000003e-02
-4.868680000000000230e-02 6.215310000000000366e-04 3.162979999999999958e-02
-4.873550000000000104e-02 6.309720000000000432e-04 3.171410000000000201e-02
-4.878409999999999691e-02 6.404299999999999923e-04 3.179850000000000038e-02
-4.883259999999999684e-02 6.499070000000000237e-04 3.188289999999999874e-02
-4.888100000000000084e-02 6.594009999999999976e-04 3.196739999999999998e-02
-4.892930000000000196e-02 6.689130000000000379e-04 3.205199999999999716e-02
-4.897750000000000020e-02 6.784430000000000365e-04 3.213669999999999721e-02
-4.902560000000000251e-02 6.879899999999999774e-04 3.222150000000000014e-02
-4.907360000000000194e-02 6.975549999999999850e-04 3.230630000000000307e-02
-4.912149999999999850e-02 7.071379999999999506e-04 3.239120000000000194e-02
-4.916920000000000318e-02 7.167379999999999671e-04 3.247619999999999674e-02
-4.921690000000000093e-02 7.263560000000000502e-04 3.256130000000000135e-02
-4.926439999999999986e-02 7.359909999999999673e-04 3.264639999999999903e-02
-4.931180000000000285e-02 7.456439999999999509e-04 3.273170000000000246e-02
-4.935919999999999891e-02 7.553150000000000011e-04 3.281699999999999895e-02
-4.940640000000000309e-02 7.650019999999999780e-04 3.290239999999999831e-02
-4.945349999999999746e-02 7.747080000000000372e-04 3.298779999999999768e-02
-4.950050000000000283e-02 7.844310000000000388e-04 3.307340000000000280e-02
-4.954719999999999958e-02 7.942430000000000323e-04 3.315909999999999691e-02
-4.959380000000000038e-02 8.041160000000000104e-04 3.324499999999999678e-02
-4.964020000000000238e-02 8.140060000000000394e-04 3.333099999999999952e-02
-4.968650000000000150e-02 8.239130000000000108e-04 3.341709999999999819e-02
-4.973269999999999774e-02 8.338380000000000488e-04 3.350319999999999687e-02
-4.977879999999999805e-02 8.437800000000000291e-04 3.358939999999999843e-02
-4.982480000000000242e-02 8.537399999999999677e-04 3.367570000000000285e-02
-4.987069999999999698e-02 8.637169999999999570e-04 3.376210000000000322e-02
-4.991650000000000253e-02 8.737109999999999972e-04 3.384849999999999665e-02
-4.996219999999999828e-02 8.837219999999999798e-04 3.393499999999999989e-02
-5.000770000000000215e-02 8.937510000000000289e-04 3.402159999999999906e-02
-5.005319999999999908e-02 9.037970000000000205e-04 3.410830000000000112e-02
-5.009849999999999720e-02 9.138599999999999545e-04 3.419500000000000317e-02
-5.014369999999999938e-02 9.239400000000000477e-04 3.428180000000000116e-02
-5.018879999999999869e-02 9.340369999999999749e-04 3.436870000000000203e-02
-5.023380000000000206e-02 9.441519999999999687e-04 3.445569999999999883e-02
-5.027870000000000256e-02 9.542829999999999976e-04 3.454279999999999851e-02
-5.032350000000000018e-02 9.644319999999999846e-04 3.462989999999999818e-02
-5.036809999999999898e-02 9.745970000000000067e-04 3.471710000000000074e-02
-5.041269999999999779e-02 9.847799999999999870e-04 3.480430000000000329e-02
-5.045709999999999779e-02 9.949790000000000023e-04 3.489169999999999772e-02
-5.050140000000000184e-02 1.005199999999999930e-03 3.497909999999999908e-02
-5.054560000000000303e-02 1.015429999999999892e-03 3.506660000000000332e-02
-5.058970000000000133e-02 1.025679999999999951e-03 3.515419999999999656e-02
-5.063369999999999677e-02 1.035949999999999892e-03 3.524179999999999674e-02
-5.067760000000000320e-02 1.046229999999999990e-03 3.532949999999999979e-02
-5.072139999999999982e-02 1.056529999999999969e-03 3.541729999999999878e-02
-5.076499999999999763e-02 1.066850000000000047e-03 3.550520000000000065e-02
-5.080860000000000237e-02 1.077180000000000065e-03 3.559310000000000251e-02
-5.085200000000000137e-02 1.087529999999999964e-03 3.568120000000000319e-02
-5.089529999999999749e-02 1.097899999999999961e-03 3.576920000000000099e-02
-5.093849999999999767e-02 1.108279999999999899e-03 3.585739999999999761e-02
-5.098160000000000192e-02 1.118690000000000092e-03 3.594560000000000116e-02
-5.102460000000000329e-02 1.129100000000000069e-03 3.603390000000000065e-02
-5.106739999999999891e-02 1.139540000000000084e-03 3.612230000000000302e-02
-5.111020000000000146e-02 1.149990000000000040e-03 3.621080000000000132e-02
-5.115279999999999827e-02 1.160449999999999936e-03 3.629929999999999962e-02
-5.119529999999999914e-02 1.170940000000000088e-03 3.638790000000000080e-02
-5.123769999999999714e-02 1.181439999999999964e-03 3.647659999999999791e-02
-5.127999999999999919e-02 1.191949999999999997e-03 3.656530000000000197e-02
-5.132219999999999838e-02 1.202490000000000069e-03 3.665410000000000196e-02
-5.136430000000000162e-02 1.213040000000000082e-03 3.674299999999999788e-02
-5.140619999999999912e-02 1.223600000000000035e-03 3.683199999999999669e-02
-5.144809999999999661e-02 1.234180000000000086e-03 3.692100000000000243e-02
-5.148980000000000223e-02 1.244780000000000018e-03 3.701009999999999717e-02
-5.153139999999999804e-02 1.255400000000000049e-03 3.709930000000000172e-02
-5.157289999999999791e-02 1.266030000000000020e-03 3.718849999999999933e-02
-5.161419999999999897e-02 1.276669999999999932e-03 3.727779999999999982e-02
-5.165550000000000003e-02 1.287340000000000099e-03 3.736720000000000319e-02
-5.169669999999999821e-02 1.298019999999999990e-03 3.745670000000000249e-02
-5.173769999999999758e-02 1.308710000000000038e-03 3.754620000000000180e-02
-5.177860000000000101e-02 1.319419999999999968e-03 3.763579999999999703e-02
-5.181940000000000157e-02 1.330149999999999996e-03 3.772550000000000209e-02
-5.186009999999999925e-02 1.340889999999999964e-03 3.781520000000000020e-02
-5.190070000000000100e-02 1.351650000000000030e-03 3.790500000000000119e-02
-5.194109999999999699e-02 1.362429999999999978e-03 3.799489999999999812e-02
-5.198149999999999993e-02 1.373220000000000083e-03 3.808489999999999792e-02
-5.202169999999999711e-02 1.384030000000000069e-03 3.817489999999999772e-02
-5.206159999999999954e-02 1.394899999999999916e-03 3.826510000000000328e-02
-5.210139999999999910e-02 1.405809999999999959e-03 3.835539999999999783e-02
-5.214110000000000272e-02 1.416729999999999942e-03 3.844580000000000219e-02
-5.218060000000000059e-02 1.427660000000000083e-03 3.853619999999999962e-02
-5.222000000000000253e-02 1.438610000000000106e-03 3.862669999999999992e-02
-5.225939999999999752e-02 1.449580000000000009e-03 3.871730000000000310e-02
-5.229849999999999777e-02 1.460570000000000011e-03 3.880789999999999934e-02
-5.233759999999999801e-02 1.471569999999999953e-03 3.889870000000000133e-02
-5.237660000000000232e-02 1.482580000000000052e-03 3.898940000000000045e-02
-5.241540000000000088e-02 1.493610000000000033e-03 3.908029999999999837e-02
-5.245419999999999944e-02 1.504659999999999895e-03 3.917120000000000324e-02
-5.249279999999999918e-02 1.515719999999999915e-03 3.926219999999999710e-02
-5.253130000000000299e-02 1.526800000000000032e-03 3.935330000000000078e-02
-5.256960000000000105e-02 1.537890000000000090e-03 3.944439999999999752e-02
-5.260789999999999911e-02 1.549000000000000030e-03 3.953559999999999713e-02
-5.264599999999999835e-02 1.560130000000000067e-03 3.962679999999999675e-02
-5.268409999999999760e-02 1.571270000000000045e-03 3.971820000000000211e-02
-5.272199999999999803e-02 1.582419999999999964e-03 3.980949999999999767e-02
-5.275980000000000253e-02 1.593599999999999921e-03 3.990099999999999897e-02
-5.279740000000000127e-02 1.604780000000000095e-03 3.999250000000000027e-02
-5.283500000000000002e-02 1.615990000000000091e-03 4.008409999999999751e-02
-5.287239999999999995e-02 1.627200000000000087e-03 4.017579999999999762e-02
-5.290979999999999989e-02 1.638439999999999905e-03 4.026749999999999774e-02
-5.294700000000000101e-02 1.649690000000000097e-03 4.035930000000000073e-02
-5.298400000000000332e-02 1.660950000000000013e-03 4.045119999999999966e-02
-5.302099999999999869e-02 1.672230000000000027e-03 4.054309999999999858e-02
-5.305789999999999812e-02 1.683519999999999982e-03 4.063510000000000039e-02
-5.309459999999999874e-02 1.694830000000000034e-03 4.072710000000000219e-02
-5.313120000000000342e-02 1.706159999999999968e-03 4.081919999999999993e-02
-5.316769999999999829e-02 1.717500000000000060e-03 4.091140000000000054e-02
-5.320409999999999723e-02 1.728850000000000092e-03 4.100369999999999709e-02
-5.324029999999999735e-02 1.740220000000000005e-03 4.109600000000000058e-02
-5.327649999999999747e-02 1.751610000000000016e-03 4.118840000000000001e-02
-5.331249999999999878e-02 1.763009999999999968e-03 4.128079999999999944e-02
-5.334839999999999721e-02 1.774430000000000018e-03 4.137330000000000174e-02
-5.338419999999999971e-02 1.785860000000000008e-03 4.146589999999999998e-02
-5.341980000000000339e-02 1.797299999999999939e-03 4.155849999999999822e-02
-5.345540000000000014e-02 1.808759999999999969e-03 4.165119999999999933e-02
-5.349079999999999807e-02 1.820240000000000096e-03 4.174400000000000333e-02
-5.352610000000000007e-02 1.831729999999999947e-03 4.183680000000000038e-02
-5.356129999999999919e-02 1.843229999999999955e-03 4.192970000000000030e-02
-5.359640000000000237e-02 1.854750000000000062e-03 4.202270000000000311e-02
-5.363129999999999981e-02 1.866290000000000050e-03 4.211569999999999897e-02
-5.366610000000000130e-02 1.877839999999999978e-03 4.220879999999999771e-02
-5.370079999999999992e-02 1.889400000000000064e-03 4.230190000000000339e-02
-5.373540000000000261e-02 1.900980000000000031e-03 4.239509999999999806e-02
-5.376990000000000242e-02 1.912580000000000096e-03 4.248840000000000255e-02
-5.380420000000000341e-02 1.924179999999999944e-03 4.258180000000000298e-02
-5.383849999999999747e-02 1.935810000000000048e-03 4.267510000000000053e-02
-5.387259999999999965e-02 1.947439999999999935e-03 4.276859999999999690e-02
-5.390659999999999896e-02 1.959100000000000077e-03 4.286210000000000020e-02
-5.394039999999999946e-02 1.970759999999999786e-03 4.295569999999999944e-02
-5.397419999999999995e-02 1.982439999999999810e-03 4.304940000000000155e-02
-5.400780000000000164e-02 1.994140000000000149e-03 4.314309999999999673e-02
-5.404130000000000045e-02 2.005849999999999994e-03 4.323679999999999884e-02
-5.407470000000000332e-02 2.017570000000000214e-03 4.333069999999999977e-02
-5.410790000000000044e-02 2.029309999999999881e-03 4.342460000000000070e-02
-5.414109999999999756e-02 2.041069999999999864e-03 4.351850000000000163e-02
-5.417399999999999993e-02 2.052800000000000024e-03 4.361260000000000137e-02
-5.420669999999999655e-02 2.064540000000000125e-03 4.370670000000000111e-02
-5.423940000000000011e-02 2.076300000000000107e-03 4.380089999999999678e-02
-5.427189999999999792e-02 2.088070000000000030e-03 4.389509999999999940e-02
-5.430429999999999979e-02 2.099859999999999834e-03 4.398939999999999795e-02
-5.433659999999999879e-02 2.111660000000000013e-03 4.408379999999999937e-02
-5.436869999999999897e-02 2.123480000000000072e-03 4.417820000000000080e-02
-5.440079999999999916e-02 2.135310000000000073e-03 4.427269999999999817e-02
-5.443270000000000053e-02 2.147150000000000013e-03 4.436729999999999841e-02
-5.446449999999999902e-02 2.159009999999999836e-03 4.446189999999999864e-02
-5.449609999999999871e-02 2.170880000000000032e-03 4.455649999999999888e-02
-5.452769999999999839e-02 2.182770000000000109e-03 4.465120000000000200e-02
-5.455909999999999926e-02 2.194670000000000128e-03 4.474600000000000105e-02
-5.459039999999999726e-02 2.206590000000000027e-03 4.484090000000000298e-02
-5.462159999999999932e-02 2.218509999999999927e-03 4.493579999999999797e-02
-5.465269999999999850e-02 2.230460000000000081e-03 4.503069999999999989e-02
-5.468359999999999888e-02 2.242409999999999803e-03 4.512569999999999776e-02
-5.471440000000000331e-02 2.254379999999999839e-03 4.522079999999999850e-02
-5.474509999999999793e-02 2.266370000000000190e-03 4.531589999999999924e-02
-5.477569999999999661e-02 2.278370000000000048e-03 4.541110000000000285e-02
-5.480610000000000342e-02 2.290379999999999847e-03 4.550640000000000240e-02
-5.483640000000000042e-02 2.302409999999999960e-03 4.560170000000000196e-02
-5.486660000000000148e-02 2.314450000000000014e-03 4.569709999999999744e-02
-5.489669999999999966e-02 2.326500000000000009e-03 4.579249999999999987e-02
-5.492670000000000191e-02 2.338569999999999885e-03 4.588799999999999824e-02
-5.495649999999999841e-02 2.350650000000000135e-03 4.598349999999999660e-02
-5.498619999999999897e-02 2.362739999999999892e-03 4.607909999999999784e-02
-5.501579999999999665e-02 2.374849999999999964e-03 4.617469999999999908e-02
-5.504529999999999840e-02 2.386969999999999977e-03 4.627049999999999913e-02
-5.507460000000000133e-02 2.399109999999999871e-03 4.636620000000000325e-02
-5.510380000000000139e-02 2.411260000000000139e-03 4.646200000000000330e-02
-5.513289999999999857e-02 2.423419999999999914e-03 4.655789999999999929e-02
-5.516189999999999982e-02 2.435600000000000005e-03 4.665389999999999815e-02
-5.519070000000000226e-02 2.447790000000000035e-03 4.674989999999999701e-02
-5.521940000000000182e-02 2.459990000000000007e-03 4.684590000000000282e-02
-5.524799999999999850e-02 2.472199999999999918e-03 4.694199999999999762e-02
-5.527649999999999925e-02 2.484430000000000145e-03 4.703820000000000223e-02
-5.530489999999999712e-02 2.496679999999999820e-03 4.713439999999999991e-02
-5.533310000000000312e-02 2.508929999999999928e-03 4.723059999999999758e-02
-5.536119999999999930e-02 2.521199999999999917e-03 4.732700000000000101e-02
-5.538919999999999955e-02 2.533479999999999847e-03 4.742330000000000156e-02
-5.541700000000000098e-02 2.545780000000000091e-03 4.751980000000000093e-02
-5.544480000000000242e-02 2.558089999999999843e-03 4.761630000000000029e-02
-5.547239999999999810e-02 2.570409999999999969e-03 4.771279999999999966e-02
-5.549980000000000191e-02 2.582749999999999976e-03 4.780940000000000190e-02
-5.552719999999999878e-02 2.595089999999999984e-03 4.790610000000000007e-02
-5.555439999999999684e-02 2.607459999999999813e-03 4.800279999999999825e-02
-5.558149999999999896e-02 2.619830000000000075e-03 4.809950000000000336e-02
-5.560849999999999821e-02 2.632219999999999786e-03 4.819640000000000035e-02
-5.563540000000000152e-02 2.644619999999999870e-03 4.829320000000000140e-02
-5.566209999999999908e-02 2.657029999999999895e-03 4.839009999999999839e-02
-5.568870000000000070e-02 2.669410000000000099e-03 4.848709999999999826e-02
-5.571500000000000064e-02 2.681729999999999791e-03 4.858409999999999812e-02
-5.574119999999999769e-02 2.694069999999999798e-03 4.868109999999999798e-02
-5.576729999999999882e-02 2.706409999999999805e-03 4.877820000000000072e-02
-5.579329999999999706e-02 2.718770000000000128e-03 4.887539999999999940e-02
-5.581919999999999937e-02 2.731149999999999897e-03 4.897259999999999808e-02
-5.584490000000000287e-02 2.743530000000000101e-03 4.906979999999999675e-02
-5.587049999999999655e-02 2.755930000000000185e-03 4.916720000000000118e-02
-5.589600000000000124e-02 2.768340000000000210e-03 4.926450000000000273e-02
-5.592130000000000017e-02 2.780760000000000176e-03 4.936190000000000022e-02
-5.594650000000000317e-02 2.793200000000000023e-03 4.945940000000000059e-02
-5.597160000000000329e-02 2.805639999999999870e-03 4.955690000000000095e-02
-5.599660000000000054e-02 2.818109999999999973e-03 4.965449999999999725e-02
-5.602150000000000185e-02 2.830580000000000075e-03 4.975210000000000049e-02
-5.604619999999999741e-02 2.843060000000000118e-03 4.984979999999999967e-02
-5.607079999999999703e-02 2.855560000000000043e-03 4.994749999999999884e-02
-5.609519999999999784e-02 2.868069999999999908e-03 5.004519999999999802e-02
-5.611959999999999865e-02 2.880600000000000088e-03 5.014310000000000295e-02
-5.614380000000000065e-02 2.893129999999999834e-03 5.024089999999999806e-02
-5.616789999999999977e-02 2.905679999999999895e-03 5.033889999999999892e-02
-5.619190000000000296e-02 2.918239999999999897e-03 5.043679999999999691e-02
-5.621570000000000039e-02 2.930820000000000213e-03 5.053479999999999778e-02
-5.623940000000000189e-02 2.943400000000000096e-03 5.063290000000000152e-02
-5.626300000000000051e-02 2.955999999999999860e-03 5.073099999999999832e-02
-5.628640000000000032e-02 2.968609999999999999e-03 5.082919999999999799e-02
-5.630980000000000013e-02 2.981230000000000078e-03 5.092739999999999767e-02
-5.633300000000000113e-02 2.993860000000000098e-03 5.102570000000000022e-02
-5.635609999999999925e-02 3.006509999999999998e-03 5.112400000000000277e-02
-5.637899999999999856e-02 3.019169999999999840e-03 5.122240000000000126e-02
-5.640180000000000193e-02 3.031840000000000056e-03 5.132079999999999975e-02
-5.642450000000000243e-02 3.044520000000000212e-03 5.141930000000000112e-02
-5.644710000000000005e-02 3.057219999999999816e-03 5.151780000000000248e-02
-5.646949999999999886e-02 3.069919999999999854e-03 5.161629999999999691e-02
-5.649180000000000174e-02 3.082640000000000206e-03 5.171499999999999708e-02
-5.651400000000000173e-02 3.095370000000000066e-03 5.181360000000000132e-02
-5.653609999999999886e-02 3.108109999999999866e-03 5.191230000000000150e-02
-5.655799999999999716e-02 3.120869999999999981e-03 5.201109999999999761e-02
-5.657979999999999954e-02 3.133640000000000037e-03 5.210990000000000066e-02
-5.660149999999999904e-02 3.146410000000000092e-03 5.220869999999999678e-02
-5.662299999999999972e-02 3.159200000000000029e-03 5.230760000000000270e-02
-5.664450000000000041e-02 3.171999999999999906e-03 5.240659999999999763e-02
-5.666580000000000228e-02 3.184820000000000099e-03 5.250559999999999949e-02
-5.668689999999999840e-02 3.197639999999999857e-03 5.260460000000000136e-02
-5.670789999999999859e-02 3.210479999999999931e-03 5.270369999999999916e-02
-5.672859999999999708e-02 3.223269999999999868e-03 5.280279999999999696e-02
-5.674919999999999964e-02 3.236070000000000179e-03 5.290199999999999764e-02
-5.676960000000000339e-02 3.248889999999999938e-03 5.300130000000000119e-02
-5.678989999999999733e-02 3.261710000000000130e-03 5.310059999999999780e-02
-5.680999999999999939e-02 3.274550000000000204e-03 5.319990000000000135e-02
-5.683010000000000145e-02 3.287399999999999784e-03 5.329930000000000084e-02
-5.684999999999999776e-02 3.300260000000000173e-03 5.339870000000000033e-02
-5.686970000000000219e-02 3.313130000000000068e-03 5.349820000000000270e-02
-5.688939999999999969e-02 3.326009999999999904e-03 5.359769999999999812e-02
-5.690889999999999838e-02 3.338910000000000055e-03 5.369720000000000049e-02
-5.692830000000000112e-02 3.351810000000000206e-03 5.379679999999999879e-02
-5.694749999999999812e-02 3.364729999999999804e-03 5.389649999999999996e-02
-5.696659999999999918e-02 3.377660000000000211e-03 5.399620000000000114e-02
-5.698559999999999737e-02 3.390600000000000124e-03 5.409590000000000232e-02
-5.700449999999999962e-02 3.403549999999999978e-03 5.419569999999999943e-02
-5.702320000000000305e-02 3.416510000000000206e-03 5.429549999999999654e-02
-5.704179999999999667e-02 3.429479999999999942e-03 5.439539999999999653e-02
-5.706030000000000130e-02 3.442469999999999992e-03 5.449530000000000346e-02
-5.707870000000000305e-02 3.455460000000000042e-03 5.459529999999999939e-02
-5.709689999999999904e-02 3.468469999999999973e-03 5.469530000000000225e-02
-5.711499999999999910e-02 3.481489999999999845e-03 5.479529999999999818e-02
-5.713300000000000323e-02 3.494520000000000091e-03 5.489539999999999698e-02
-5.715080000000000160e-02 3.507559999999999845e-03 5.499550000000000272e-02
-5.716849999999999710e-02 3.520609999999999972e-03 5.509569999999999745e-02
-5.718609999999999666e-02 3.533670000000000040e-03 5.519589999999999913e-02
-5.720349999999999741e-02 3.546740000000000049e-03 5.529619999999999674e-02
-5.722080000000000222e-02 3.559819999999999998e-03 5.539639999999999842e-02
-5.723799999999999721e-02 3.572919999999999829e-03 5.549679999999999891e-02
-5.725510000000000321e-02 3.586020000000000093e-03 5.559719999999999940e-02
-5.727200000000000346e-02 3.599139999999999805e-03 5.569759999999999989e-02
-5.728880000000000083e-02 3.612269999999999891e-03 5.579810000000000325e-02
-5.730539999999999939e-02 3.625399999999999977e-03 5.589859999999999968e-02
-5.732199999999999795e-02 3.638549999999999944e-03 5.599910000000000304e-02
-5.733839999999999770e-02 3.651709999999999852e-03 5.609970000000000234e-02
-5.735470000000000151e-02 3.664880000000000134e-03 5.620030000000000164e-02
-5.737079999999999957e-02 3.678059999999999923e-03 5.630099999999999688e-02
-5.738680000000000170e-02 3.691250000000000087e-03 5.640169999999999906e-02
-5.740270000000000095e-02 3.704450000000000191e-03 5.650249999999999717e-02
-5.741840000000000138e-02 3.717659999999999802e-03 5.660330000000000222e-02
-5.743410000000000182e-02 3.730879999999999787e-03 5.670410000000000034e-02
-5.744960000000000344e-02 3.744110000000000146e-03 5.680500000000000133e-02
-5.746489999999999931e-02 3.757350000000000013e-03 5.690590000000000231e-02
-5.748009999999999925e-02 3.770610000000000194e-03 5.700680000000000330e-02
-5.749520000000000325e-02 3.783780000000000043e-03 5.710780000000000023e-02
-5.750999999999999862e-02 3.796859999999999992e-03 5.720870000000000122e-02
-5.752460000000000212e-02 3.809949999999999882e-03 5.730960000000000221e-02
-5.753919999999999868e-02 3.823050000000000146e-03 5.741059999999999913e-02
-5.755360000000000337e-02 3.836159999999999917e-03 5.751169999999999893e-02
-5.756789999999999824e-02 3.849280000000000063e-03 5.761270000000000280e-02
-5.758200000000000124e-02 3.862410000000000149e-03 5.771380000000000260e-02
-5.759600000000000136e-02 3.875550000000000175e-03 5.781499999999999834e-02
-5.760989999999999861e-02 3.888700000000000143e-03 5.791620000000000101e-02
-5.762369999999999992e-02 3.901860000000000051e-03 5.801739999999999675e-02
-5.763730000000000242e-02 3.915029999999999899e-03 5.811870000000000230e-02
-5.765080000000000204e-02 3.928209999999999688e-03 5.822000000000000092e-02
-5.766410000000000285e-02 3.941400000000000285e-03 5.832129999999999953e-02
-5.767739999999999673e-02 3.954599999999999956e-03 5.842270000000000102e-02
-5.769040000000000279e-02 3.967809999999999566e-03 5.852410000000000251e-02
-5.770340000000000191e-02 3.981029999999999985e-03 5.862549999999999706e-02
-5.771620000000000222e-02 3.994260000000000345e-03 5.872700000000000142e-02
-5.772889999999999966e-02 4.007499999999999778e-03 5.882849999999999885e-02
-5.774150000000000116e-02 4.020750000000000018e-03 5.893009999999999915e-02
-5.775389999999999691e-02 4.034010000000000200e-03 5.903169999999999945e-02
-5.776629999999999959e-02 4.047280000000000322e-03 5.913329999999999975e-02
-5.777840000000000059e-02 4.060560000000000384e-03 5.923500000000000293e-02
-5.779050000000000159e-02 4.073850000000000388e-03 5.933669999999999917e-02
-5.780239999999999684e-02 4.087140000000000391e-03 5.943840000000000234e-02
-5.781410000000000021e-02 4.100450000000000275e-03 5.954020000000000146e-02
-5.782579999999999665e-02 4.113770000000000100e-03 5.964200000000000057e-02
-5.783730000000000121e-02 4.127099999999999866e-03 5.974379999999999968e-02
-5.784870000000000290e-02 4.140429999999999632e-03 5.984570000000000167e-02
-5.785989999999999883e-02 4.153780000000000146e-03 5.994759999999999672e-02
-5.787099999999999883e-02 4.167139999999999733e-03 6.004960000000000159e-02
-5.788200000000000289e-02 4.180500000000000188e-03 6.015149999999999664e-02
-5.789289999999999714e-02 4.193879999999999657e-03 6.025359999999999744e-02
-5.790359999999999951e-02 4.207259999999999993e-03 6.035560000000000230e-02
-5.791419999999999901e-02 4.220650000000000270e-03 6.045770000000000310e-02
-5.792459999999999970e-02 4.234049999999999619e-03 6.055979999999999697e-02
-5.793500000000000039e-02 4.247469999999999718e-03 6.066200000000000064e-02
-5.794509999999999939e-02 4.260889999999999816e-03 6.076410000000000144e-02
-5.795519999999999838e-02 4.274319999999999856e-03 6.086640000000000106e-02
-5.796509999999999857e-02 4.287749999999999895e-03 6.096859999999999780e-02
-5.797490000000000282e-02 4.301199999999999815e-03 6.107089999999999741e-02
-5.798459999999999726e-02 4.314659999999999676e-03 6.117319999999999702e-02
-5.799409999999999982e-02 4.328130000000000345e-03 6.127559999999999951e-02
-5.800349999999999950e-02 4.341600000000000147e-03 6.137789999999999913e-02
-5.801270000000000038e-02 4.355079999999999889e-03 6.148039999999999755e-02
-5.802179999999999838e-02 4.368569999999999572e-03 6.158280000000000004e-02
-5.803069999999999756e-02 4.382060000000000122e-03 6.168529999999999847e-02
-5.803939999999999794e-02 4.395559999999999745e-03 6.178779999999999689e-02
-5.804809999999999831e-02 4.409070000000000177e-03 6.189030000000000226e-02
-5.805649999999999700e-02 4.422589999999999681e-03 6.199280000000000068e-02
-5.806490000000000262e-02 4.436110000000000053e-03 6.209540000000000198e-02
-5.807310000000000250e-02 4.449650000000000306e-03 6.219809999999999922e-02
-5.808119999999999949e-02 4.463189999999999692e-03 6.230070000000000052e-02
-5.808909999999999768e-02 4.476739999999999886e-03 6.240339999999999776e-02
-5.809689999999999993e-02 4.490300000000000021e-03 6.250609999999999500e-02
-5.810459999999999930e-02 4.503870000000000096e-03 6.260880000000000611e-02
-5.811209999999999987e-02 4.517450000000000111e-03 6.271160000000000623e-02
-5.811949999999999755e-02 4.531030000000000127e-03 6.281440000000000634e-02
-5.812670000000000337e-02 4.544620000000000083e-03 6.291720000000000645e-02
-5.813379999999999936e-02 4.558219999999999980e-03 6.302009999999999557e-02
-5.814079999999999943e-02 4.571829999999999818e-03 6.312299999999999855e-02
-5.814760000000000068e-02 4.585449999999999596e-03 6.322590000000000154e-02
-5.815429999999999905e-02 4.599070000000000241e-03 6.332889999999999353e-02
-5.816090000000000149e-02 4.612699999999999960e-03 6.343179999999999652e-02
-5.816729999999999817e-02 4.626339999999999619e-03 6.353480000000000238e-02
-5.817359999999999892e-02 4.639990000000000087e-03 6.363789999999999725e-02
-5.817970000000000086e-02 4.653649999999999627e-03 6.374090000000000311e-02
-5.818569999999999992e-02 4.667310000000000035e-03 6.384399999999999797e-02
-5.819160000000000305e-02 4.680980000000000384e-03 6.394710000000000671e-02
-5.819730000000000042e-02 4.694659999999999805e-03 6.405030000000000445e-02
-5.820290000000000186e-02 4.708350000000000035e-03 6.415339999999999931e-02
-5.820829999999999754e-02 4.722040000000000265e-03 6.425659999999999705e-02
-5.821359999999999729e-02 4.735739999999999568e-03 6.435989999999999767e-02
-5.821880000000000110e-02 4.749449999999999679e-03 6.446309999999999540e-02
-5.822390000000000204e-02 4.763169999999999731e-03 6.456639999999999602e-02
-5.822870000000000129e-02 4.776889999999999782e-03 6.466969999999999663e-02
-5.823350000000000054e-02 4.790629999999999715e-03 6.477299999999999724e-02
-5.823810000000000098e-02 4.804369999999999648e-03 6.487640000000000073e-02
-5.824259999999999854e-02 4.818109999999999581e-03 6.497980000000000422e-02
-5.824689999999999729e-02 4.831870000000000262e-03 6.508319999999999383e-02
-5.825110000000000010e-02 4.845630000000000076e-03 6.518659999999999732e-02
-5.825520000000000004e-02 4.859399999999999831e-03 6.529010000000000369e-02
-5.825910000000000116e-02 4.873180000000000393e-03 6.539349999999999330e-02
