0.000000000000000000e+00 -7.031530000000000671e-18 -1.369999999999999952e-17
-6.626549999999999769e-05 -4.073649999999999952e-07 -3.620000000000000069e-06
-1.297399999999999877e-04 -4.958279999999999900e-06 -2.760000000000000002e-05
-1.952199999999999910e-04 -1.182680000000000000e-05 -4.789999999999999879e-05
-2.661340000000000103e-04 -2.738649999999999944e-05 -4.589999999999999761e-05
-3.380990000000000167e-04 -3.269340000000000109e-05 -4.589999999999999761e-05
-4.086629999999999733e-04 -3.918910000000000058e-05 -5.130000000000000011e-05
-4.809769999999999996e-04 -4.688510000000000279e-05 -5.500000000000000196e-05
-5.553949999999999772e-04 -5.466129999999999790e-05 -5.339999999999999695e-05
-6.307770000000000087e-04 -6.244389999999999349e-05 -5.199999999999999680e-05
-7.058719999999999665e-04 -7.135740000000000225e-05 -5.170000000000000306e-05
-7.801579999999999800e-04 -8.078300000000000227e-05 -4.940000000000000136e-05
-8.533240000000000313e-04 -9.049150000000000596e-05 -4.550000000000000144e-05
-9.248839999999999492e-04 -1.007389999999999989e-04 -4.160000000000000151e-05
-9.936840000000001037e-04 -1.115729999999999972e-04 -3.800000000000000209e-05
-1.048649999999999929e-03 -1.224309999999999938e-04 -3.389999999999999730e-05
-1.112490000000000050e-03 -1.332430000000000116e-04 -2.879999999999999870e-05
-1.178580000000000036e-03 -1.436780000000000023e-04 -2.300000000000000002e-05
-1.243959999999999901e-03 -1.532770000000000031e-04 -1.629999999999999979e-05
-1.308939999999999973e-03 -1.620609999999999922e-04 -8.919999999999999300e-06
-1.373649999999999914e-03 -1.698559999999999946e-04 -7.789999999999999743e-07
-1.437399999999999919e-03 -1.758540000000000005e-04 8.590000000000000765e-06
-1.498479999999999951e-03 -1.795830000000000050e-04 1.980000000000000016e-05
-1.552339999999999927e-03 -1.806909999999999951e-04 3.330000000000000305e-05
-1.614530000000000088e-03 -1.823310000000000132e-04 4.530000000000000335e-05
-1.677639999999999991e-03 -1.853570000000000076e-04 5.599999999999999916e-05
-1.741839999999999925e-03 -1.907169999999999970e-04 6.499999999999999431e-05
-1.806979999999999914e-03 -1.977679999999999944e-04 7.279999999999999416e-05
-1.873300000000000052e-03 -2.057340000000000058e-04 8.030000000000000028e-05
-1.940670000000000025e-03 -2.143620000000000052e-04 8.780000000000000640e-05
-2.008639999999999905e-03 -2.231930000000000025e-04 9.579999999999999757e-05
-2.077279999999999925e-03 -2.329630000000000123e-04 1.028790000000000021e-04
-2.148590000000000135e-03 -2.430800000000000105e-04 1.099039999999999967e-04
-2.228720000000000007e-03 -2.531829999999999779e-04 1.176690000000000011e-04
-2.303069999999999944e-03 -2.633669999999999740e-04 1.255320000000000036e-04
-2.380230000000000106e-03 -2.735780000000000156e-04 1.337409999999999923e-04
-2.457529999999999871e-03 -2.834940000000000203e-04 1.422419999999999978e-04
-2.532430000000000011e-03 -2.931009999999999844e-04 1.508720000000000015e-04
-2.602680000000000011e-03 -3.022869999999999876e-04 1.595300000000000125e-04
-2.675120000000000015e-03 -3.109240000000000202e-04 1.688539999999999930e-04
-2.745580000000000069e-03 -3.191310000000000045e-04 1.784280000000000067e-04
-2.815279999999999866e-03 -3.268209999999999800e-04 1.884479999999999955e-04
-2.884330000000000054e-03 -3.341700000000000074e-04 1.987710000000000117e-04
-2.952409999999999930e-03 -3.411420000000000077e-04 2.094270000000000127e-04
-3.016469999999999829e-03 -3.477770000000000145e-04 2.202279999999999928e-04
-3.083139999999999839e-03 -3.538729999999999914e-04 2.316340000000000120e-04
-3.149139999999999925e-03 -3.593809999999999800e-04 2.436620000000000127e-04
-3.214209999999999897e-03 -3.642650000000000098e-04 2.561849999999999739e-04
-3.278099999999999938e-03 -3.682959999999999988e-04 2.693710000000000201e-04
-3.341289999999999798e-03 -3.723059999999999824e-04 2.825130000000000241e-04
-3.403900000000000068e-03 -3.771129999999999925e-04 2.950170000000000114e-04
-3.466359999999999927e-03 -3.826890000000000218e-04 3.070530000000000026e-04
-3.529179999999999817e-03 -3.892009999999999892e-04 3.186670000000000171e-04
-3.592720000000000202e-03 -3.967999999999999956e-04 3.298910000000000167e-04
-3.657179999999999893e-03 -4.049190000000000038e-04 3.408710000000000234e-04
-3.722660000000000032e-03 -4.134100000000000144e-04 3.517179999999999959e-04
-3.789110000000000048e-03 -4.221429999999999866e-04 3.624659999999999818e-04
-3.856490000000000178e-03 -4.308940000000000253e-04 3.732960000000000119e-04
-3.924539999999999799e-03 -4.393250000000000128e-04 3.844109999999999758e-04
-3.993339999999999737e-03 -4.474430000000000052e-04 3.956620000000000211e-04
-4.063810000000000165e-03 -4.550029999999999938e-04 4.072689999999999796e-04
-4.137009999999999993e-03 -4.618210000000000088e-04 4.194949999999999807e-04
-4.210489999999999892e-03 -4.680330000000000232e-04 4.321109999999999968e-04
-4.281079999999999608e-03 -4.737639999999999994e-04 4.448790000000000210e-04
-4.352199999999999645e-03 -4.789209999999999908e-04 4.581200000000000116e-04
-4.423159999999999765e-03 -4.839530000000000199e-04 4.714960000000000136e-04
-4.493249999999999848e-03 -4.894240000000000222e-04 4.846179999999999737e-04
-4.562029999999999905e-03 -4.952630000000000183e-04 4.976200000000000501e-04
-4.630180000000000233e-03 -5.013290000000000107e-04 5.105780000000000301e-04
-4.697670000000000144e-03 -5.075890000000000219e-04 5.235329999999999628e-04
-4.764509999999999579e-03 -5.139769999999999886e-04 5.365100000000000251e-04
-4.830540000000000354e-03 -5.203410000000000110e-04 5.496089999999999483e-04
-4.895639999999999714e-03 -5.267219999999999758e-04 5.627400000000000501e-04
-4.960049999999999702e-03 -5.331090000000000351e-04 5.759339999999999512e-04
-5.024009999999999761e-03 -5.395590000000000021e-04 5.891689999999999558e-04
-5.087780000000000080e-03 -5.462379999999999970e-04 6.023369999999999896e-04
-5.151730000000000198e-03 -5.530240000000000503e-04 6.155120000000000252e-04
-5.216089999999999616e-03 -5.598190000000000284e-04 6.287419999999999511e-04
-5.281019999999999985e-03 -5.667069999999999530e-04 6.419709999999999696e-04
-5.346390000000000343e-03 -5.736930000000000111e-04 6.551970000000000493e-04
-5.412329999999999919e-03 -5.806169999999999604e-04 6.685130000000000282e-04
-5.478890000000000149e-03 -5.871700000000000313e-04 6.821070000000000475e-04
-5.546040000000000345e-03 -5.934179999999999620e-04 6.959359999999999722e-04
-5.613789999999999579e-03 -5.995829999999999953e-04 7.098620000000000147e-04
-5.682070000000000003e-03 -6.055070000000000287e-04 7.239769999999999973e-04
-5.750729999999999904e-03 -6.109169999999999922e-04 7.384349999999999595e-04
-5.819809999999999914e-03 -6.160399999999999904e-04 7.531099999999999774e-04
-5.889209999999999758e-03 -6.212579999999999665e-04 7.677889999999999498e-04
-5.958839999999999970e-03 -6.263780000000000259e-04 7.825949999999999704e-04
-6.028419999999999612e-03 -6.313290000000000264e-04 7.975929999999999782e-04
-6.097580000000000014e-03 -6.361879999999999879e-04 8.127090000000000009e-04
-6.165969999999999784e-03 -6.410160000000000033e-04 8.278839999999999767e-04
-6.233090000000000158e-03 -6.459690000000000354e-04 8.429779999999999782e-04
-6.299550000000000115e-03 -6.511620000000000515e-04 8.579650000000000297e-04
-6.365439999999999987e-03 -6.566089999999999470e-04 8.728489999999999773e-04
-6.430789999999999597e-03 -6.623059999999999841e-04 8.876490000000000118e-04
-6.495830000000000180e-03 -6.684650000000000314e-04 9.022700000000000468e-04
-6.560589999999999825e-03 -6.749399999999999584e-04 9.168149999999999694e-04
-6.625230000000000181e-03 -6.814870000000000433e-04 9.314409999999999747e-04
-6.689910000000000301e-03 -6.878189999999999955e-04 9.462090000000000474e-04
-6.754790000000000100e-03 -6.937030000000000496e-04 9.612219999999999662e-04
-6.820159999999999591e-03 -7.002420000000000085e-04 9.759799999999999899e-04
-6.886070000000000212e-03 -7.070450000000000042e-04 9.907259999999999331e-04
-6.952419999999999954e-03 -7.128269999999999702e-04 1.006060000000000027e-03
-7.019420000000000173e-03 -7.191120000000000498e-04 1.021109999999999986e-03
-7.086860000000000381e-03 -7.246800000000000073e-04 1.036639999999999914e-03
-7.154630000000000364e-03 -7.295949999999999831e-04 1.052619999999999988e-03
-7.222639999999999789e-03 -7.339280000000000109e-04 1.068979999999999974e-03
-7.290989999999999797e-03 -7.376849999999999683e-04 1.085749999999999910e-03
-7.359019999999999971e-03 -7.410949999999999916e-04 1.102719999999999959e-03
-7.426699999999999621e-03 -7.447460000000000148e-04 1.119610000000000050e-03
-7.494050000000000364e-03 -7.487039999999999928e-04 1.136599999999999980e-03
-7.561090000000000345e-03 -7.529420000000000427e-04 1.153420000000000053e-03
-7.627700000000000279e-03 -7.574629999999999948e-04 1.170040000000000012e-03
-7.694000000000000318e-03 -7.623089999999999684e-04 1.187550000000000107e-03
-7.759939999999999893e-03 -7.671209999999999488e-04 1.206859999999999921e-03
-7.825369999999999895e-03 -7.727219999999999922e-04 1.223659999999999895e-03
-7.890519999999999826e-03 -7.788339999999999499e-04 1.239489999999999993e-03
-7.955639999999999934e-03 -7.853559999999999664e-04 1.255019999999999920e-03
-8.020889999999999270e-03 -7.915830000000000002e-04 1.270829999999999920e-03
-8.086299999999999391e-03 -7.975589999999999850e-04 1.286880000000000012e-03
-8.151979999999999643e-03 -8.031610000000000442e-04 1.303230000000000057e-03
-8.217949999999999908e-03 -8.084010000000000414e-04 1.319859999999999957e-03
-8.284120000000000719e-03 -8.133879999999999583e-04 1.336699999999999911e-03
-8.350510000000000224e-03 -8.181020000000000219e-04 1.353779999999999957e-03
-8.417110000000000217e-03 -8.225580000000000348e-04 1.371079999999999998e-03
-8.483920000000000697e-03 -8.267489999999999952e-04 1.388600000000000034e-03
-8.550870000000000345e-03 -8.307409999999999664e-04 1.406310000000000025e-03
-8.617909999999999460e-03 -8.345750000000000520e-04 1.424190000000000091e-03
-8.684990000000000071e-03 -8.383919999999999784e-04 1.442130000000000018e-03
-8.752009999999999304e-03 -8.423460000000000019e-04 1.460039999999999906e-03
-8.818839999999999665e-03 -8.464600000000000509e-04 1.477950000000000010e-03
-8.885459999999999539e-03 -8.507220000000000450e-04 1.495870000000000056e-03
-8.951819999999999222e-03 -8.550889999999999576e-04 1.513849999999999961e-03
-9.017920000000000449e-03 -8.594559999999999787e-04 1.532029999999999980e-03
-9.083880000000000773e-03 -8.643369999999999612e-04 1.549880000000000008e-03
-9.149739999999999956e-03 -8.697520000000000034e-04 1.567339999999999966e-03
-9.215380000000000446e-03 -8.752049999999999934e-04 1.584860000000000001e-03
-9.280850000000000211e-03 -8.804050000000000114e-04 1.602679999999999990e-03
-9.346270000000000272e-03 -8.854009999999999615e-04 1.620700000000000092e-03
-9.411759999999999918e-03 -8.901650000000000534e-04 1.638920000000000090e-03
-9.477350000000000704e-03 -8.947480000000000060e-04 1.657309999999999946e-03
-9.543039999999999162e-03 -8.991749999999999960e-04 1.675859999999999937e-03
-9.608860000000000318e-03 -9.034369999999999901e-04 1.694580000000000001e-03
-9.674769999999999204e-03 -9.075850000000000323e-04 1.713450000000000042e-03
-9.740789999999999171e-03 -9.116270000000000319e-04 1.732459999999999903e-03
-9.806920000000000220e-03 -9.155780000000000082e-04 1.751610000000000016e-03
-9.873130000000000794e-03 -9.194999999999999615e-04 1.770850000000000028e-03
-9.939419999999999158e-03 -9.233800000000000124e-04 1.790200000000000038e-03
-1.000580000000000046e-02 -9.272580000000000319e-04 1.809630000000000006e-03
-1.007210000000000050e-02 -9.311989999999999591e-04 1.829090000000000013e-03
-1.013840000000000054e-02 -9.351620000000000158e-04 1.848610000000000097e-03
-1.020470000000000058e-02 -9.391789999999999470e-04 1.868180000000000101e-03
-1.027080000000000007e-02 -9.432620000000000501e-04 1.887779999999999927e-03
-1.033689999999999956e-02 -9.473939999999999488e-04 1.907410000000000008e-03
-1.040289999999999965e-02 -9.515419999999999911e-04 1.927099999999999950e-03
-1.046869999999999919e-02 -9.557139999999999776e-04 1.946840000000000029e-03
-1.053439999999999932e-02 -9.599110000000000325e-04 1.966630000000000027e-03
-1.060000000000000005e-02 -9.640609999999999978e-04 1.986509999999999925e-03
-1.066549999999999963e-02 -9.681969999999999596e-04 2.006449999999999900e-03
-1.073089999999999981e-02 -9.723089999999999771e-04 2.026469999999999834e-03
-1.079629999999999999e-02 -9.763629999999999488e-04 2.046599999999999982e-03
-1.086160000000000077e-02 -9.803780000000000654e-04 2.066810000000000088e-03
-1.092689999999999981e-02 -9.843309999999999647e-04 2.087129999999999975e-03
-1.099229999999999999e-02 -9.882190000000000332e-04 2.107560000000000076e-03
-1.105760000000000076e-02 -9.920459999999999001e-04 2.128109999999999898e-03
-1.112319999999999975e-02 -9.958040000000000901e-04 2.148789999999999815e-03
-1.118880000000000048e-02 -9.995369999999999949e-04 2.169570000000000005e-03
-1.125439999999999947e-02 -1.003245999999999956e-03 2.190430000000000155e-03
-1.132009999999999961e-02 -1.006949999999999946e-03 2.211380000000000203e-03
-1.138570000000000033e-02 -1.010634000000000055e-03 2.232420000000000151e-03
-1.145140000000000047e-02 -1.014319999999999979e-03 2.253520000000000176e-03
-1.151710000000000060e-02 -1.017993000000000023e-03 2.274700000000000159e-03
-1.158269999999999959e-02 -1.021666999999999974e-03 2.295950000000000161e-03
-1.164819999999999918e-02 -1.025358000000000085e-03 2.317239999999999925e-03
-1.171359999999999936e-02 -1.029032999999999944e-03 2.338620000000000022e-03
-1.177910000000000068e-02 -1.032687999999999922e-03 2.360070000000000136e-03
-1.184450000000000086e-02 -1.036321999999999894e-03 2.381610000000000150e-03
-1.190989999999999931e-02 -1.039950999999999896e-03 2.403220000000000182e-03
-1.197520000000000008e-02 -1.043569999999999958e-03 2.424899999999999799e-03
-1.204039999999999971e-02 -1.047174000000000108e-03 2.446649999999999867e-03
-1.210570000000000049e-02 -1.050757000000000036e-03 2.468489999999999834e-03
-1.217090000000000012e-02 -1.054309999999999926e-03 2.490420000000000134e-03
-1.223609999999999975e-02 -1.057835000000000025e-03 2.512449999999999840e-03
-1.230129999999999939e-02 -1.061335000000000056e-03 2.534559999999999938e-03
-1.236639999999999961e-02 -1.064814999999999989e-03 2.556749999999999995e-03
-1.243149999999999984e-02 -1.068254999999999942e-03 2.579049999999999832e-03
-1.249660000000000007e-02 -1.071644999999999976e-03 2.601480000000000199e-03
-1.256159999999999916e-02 -1.075020000000000099e-03 2.623990000000000090e-03
-1.262659999999999998e-02 -1.078369999999999936e-03 2.646579999999999940e-03
-1.269160000000000080e-02 -1.081705000000000080e-03 2.669250000000000182e-03
-1.275659999999999988e-02 -1.085019999999999908e-03 2.691999999999999948e-03
-1.282160000000000070e-02 -1.088320000000000043e-03 2.714830000000000108e-03
-1.288650000000000038e-02 -1.091594999999999892e-03 2.737739999999999792e-03
-1.295140000000000007e-02 -1.094829999999999979e-03 2.760760000000000124e-03
-1.301620000000000034e-02 -1.098014999999999929e-03 2.783910000000000117e-03
-1.308110000000000002e-02 -1.101179999999999997e-03 2.807130000000000129e-03
-1.314590000000000029e-02 -1.104319999999999998e-03 2.830440000000000039e-03
-1.321070000000000057e-02 -1.107450000000000058e-03 2.853829999999999908e-03
-1.327539999999999970e-02 -1.110560000000000019e-03 2.877289999999999796e-03
-1.334019999999999997e-02 -1.113650000000000100e-03 2.900840000000000016e-03
-1.340490000000000084e-02 -1.116720000000000082e-03 2.924459999999999820e-03
-1.346950000000000057e-02 -1.119715000000000077e-03 2.948220000000000094e-03
-1.353410000000000030e-02 -1.122600000000000074e-03 2.972170000000000107e-03
-1.359870000000000002e-02 -1.125460000000000002e-03 2.996200000000000079e-03
-1.366320000000000034e-02 -1.128305000000000020e-03 3.020310000000000009e-03
-1.372770000000000067e-02 -1.131124999999999969e-03 3.044499999999999897e-03
-1.379219999999999925e-02 -1.133930000000000007e-03 3.068759999999999804e-03
-1.385669999999999957e-02 -1.136719999999999918e-03 3.093110000000000043e-03
-1.392110000000000049e-02 -1.139489999999999947e-03 3.117529999999999867e-03
-1.398549999999999967e-02 -1.142240000000000096e-03 3.142030000000000083e-03
-1.404990000000000058e-02 -1.144974999999999899e-03 3.166620000000000199e-03
-1.411420000000000036e-02 -1.147685000000000068e-03 3.191279999999999898e-03
-1.417859999999999954e-02 -1.150379999999999892e-03 3.216019999999999990e-03
-1.424289999999999931e-02 -1.153060000000000022e-03 3.240830000000000100e-03
-1.430720000000000082e-02 -1.155720000000000055e-03 3.265730000000000108e-03
-1.437139999999999945e-02 -1.158359999999999989e-03 3.290710000000000076e-03
-1.443559999999999982e-02 -1.160985000000000012e-03 3.315760000000000061e-03
-1.449980000000000019e-02 -1.163540000000000017e-03 3.340960000000000023e-03
-1.456389999999999942e-02 -1.165945000000000046e-03 3.366379999999999980e-03
-1.462800000000000038e-02 -1.168329999999999976e-03 3.391879999999999895e-03
-1.469200000000000020e-02 -1.170699999999999996e-03 3.417460000000000202e-03
-1.475600000000000002e-02 -1.173049999999999917e-03 3.443120000000000035e-03
-1.481999999999999984e-02 -1.175384999999999928e-03 3.468849999999999885e-03
-1.488390000000000025e-02 -1.177695000000000087e-03 3.494670000000000068e-03
-1.494790000000000008e-02 -1.179995000000000089e-03 3.520559999999999835e-03
-1.501180000000000049e-02 -1.182270000000000022e-03 3.546529999999999995e-03
-1.507559999999999976e-02 -1.184525000000000074e-03 3.572580000000000113e-03
-1.513950000000000018e-02 -1.186764999999999999e-03 3.598710000000000190e-03
-1.520329999999999945e-02 -1.188990000000000012e-03 3.624919999999999792e-03
-1.526710000000000046e-02 -1.191194999999999928e-03 3.651209999999999786e-03
-1.533080000000000033e-02 -1.193379999999999962e-03 3.677569999999999797e-03
-1.539459999999999960e-02 -1.195550000000000085e-03 3.704010000000000202e-03
-1.545829999999999947e-02 -1.197699999999999893e-03 3.730530000000000131e-03
-1.552189999999999993e-02 -1.199785000000000088e-03 3.757209999999999977e-03
-1.558539999999999925e-02 -1.201650000000000071e-03 3.784229999999999972e-03
-1.564890000000000031e-02 -1.203499999999999926e-03 3.811329999999999926e-03
-1.571229999999999849e-02 -1.205335000000000087e-03 3.838509999999999839e-03
-1.577579999999999955e-02 -1.207149999999999933e-03 3.865770000000000144e-03
-1.583909999999999832e-02 -1.208944999999999898e-03 3.893100000000000033e-03
-1.590249999999999997e-02 -1.210719999999999982e-03 3.920520000000000255e-03
-1.596579999999999874e-02 -1.212484999999999908e-03 3.948010000000000061e-03
-1.602910000000000099e-02 -1.214224999999999983e-03 3.975580000000000259e-03
-1.609239999999999976e-02 -1.215949999999999930e-03 4.003220000000000042e-03
-1.615559999999999913e-02 -1.217654999999999996e-03 4.030950000000000158e-03
-1.621890000000000137e-02 -1.219339999999999964e-03 4.058749999999999858e-03
-1.628200000000000133e-02 -1.221010000000000021e-03 4.086629999999999950e-03
-1.634520000000000070e-02 -1.222659999999999979e-03 4.114589999999999567e-03
-1.640830000000000066e-02 -1.224295000000000027e-03 4.142619999999999636e-03
-1.647140000000000062e-02 -1.225909999999999977e-03 4.170740000000000038e-03
-1.653450000000000059e-02 -1.227510000000000016e-03 4.198930000000000023e-03
-1.659750000000000114e-02 -1.229089999999999957e-03 4.227189999999999594e-03
-1.666050000000000170e-02 -1.230650000000000016e-03 4.255540000000000364e-03
-1.672349999999999878e-02 -1.232194999999999948e-03 4.283959999999999851e-03
-1.678639999999999993e-02 -1.233719999999999999e-03 4.312459999999999731e-03
-1.684940000000000049e-02 -1.235229999999999922e-03 4.341040000000000003e-03
-1.691230000000000164e-02 -1.236719999999999963e-03 4.369699999999999800e-03
-1.697509999999999991e-02 -1.238189999999999907e-03 4.398430000000000048e-03
-1.703790000000000165e-02 -1.239639999999999969e-03 4.427239999999999821e-03
-1.710069999999999993e-02 -1.241074999999999904e-03 4.456129999999999987e-03
-1.716350000000000167e-02 -1.242494999999999928e-03 4.485099999999999677e-03
-1.722620000000000054e-02 -1.243895000000000070e-03 4.514139999999999819e-03
-1.728889999999999941e-02 -1.245280000000000085e-03 4.543260000000000354e-03
-1.735159999999999828e-02 -1.246640000000000031e-03 4.572460000000000413e-03
-1.741430000000000061e-02 -1.247985000000000066e-03 4.601730000000000056e-03
-1.747690000000000007e-02 -1.249310000000000004e-03 4.631080000000000092e-03
-1.753949999999999954e-02 -1.250610000000000090e-03 4.660530000000000402e-03
-1.760190000000000018e-02 -1.251745000000000071e-03 4.690279999999999797e-03
-1.766430000000000083e-02 -1.252859999999999955e-03 4.720109999999999584e-03
-1.772659999999999861e-02 -1.253959999999999927e-03 4.750009999999999823e-03
-1.778889999999999985e-02 -1.255040000000000018e-03 4.779989999999999586e-03
-1.785120000000000109e-02 -1.256095000000000041e-03 4.810049999999999742e-03
-1.791349999999999887e-02 -1.257145000000000094e-03 4.840180000000000350e-03
-1.797570000000000071e-02 -1.258165000000000108e-03 4.870389999999999615e-03
-1.803789999999999907e-02 -1.259179999999999935e-03 4.900680000000000140e-03
-1.810010000000000091e-02 -1.260164999999999940e-03 4.931040000000000249e-03
-1.816219999999999987e-02 -1.261140000000000004e-03 4.961479999999999883e-03
-1.822429999999999883e-02 -1.262090000000000000e-03 4.991999999999999910e-03
-1.828640000000000126e-02 -1.263030000000000055e-03 5.022590000000000388e-03
-1.834840000000000082e-02 -1.263950000000000013e-03 5.053260000000000390e-03
-1.841040000000000038e-02 -1.264850000000000089e-03 5.084009999999999918e-03
-1.847239999999999993e-02 -1.265735000000000037e-03 5.114829999999999897e-03
-1.853439999999999949e-02 -1.266600000000000104e-03 5.145730000000000269e-03
-1.859629999999999964e-02 -1.267445000000000073e-03 5.176710000000000166e-03
-1.865810000000000038e-02 -1.268274999999999915e-03 5.207759999999999646e-03
-1.872000000000000053e-02 -1.269085000000000091e-03 5.238890000000000387e-03
-1.878180000000000127e-02 -1.269884999999999894e-03 5.270099999999999785e-03
-1.884359999999999855e-02 -1.270660000000000062e-03 5.301379999999999634e-03
-1.890529999999999988e-02 -1.271420000000000102e-03 5.332739999999999876e-03
-1.896700000000000122e-02 -1.272165000000000015e-03 5.364169999999999702e-03
-1.902869999999999909e-02 -1.272885000000000075e-03 5.395679999999999921e-03
-1.909030000000000102e-02 -1.273590000000000009e-03 5.427269999999999664e-03
-1.915199999999999889e-02 -1.274280000000000031e-03 5.458929999999999859e-03
-1.921350000000000141e-02 -1.274949999999999955e-03 5.490669999999999579e-03
-1.927509999999999987e-02 -1.275599999999999998e-03 5.522479999999999750e-03
-1.933659999999999893e-02 -1.276234999999999913e-03 5.554370000000000314e-03
-1.939810000000000145e-02 -1.276854999999999917e-03 5.586340000000000403e-03
-1.945950000000000110e-02 -1.277455000000000040e-03 5.618380000000000075e-03
-1.952090000000000075e-02 -1.278040000000000035e-03 5.650500000000000141e-03
-1.958220000000000099e-02 -1.278609999999999903e-03 5.682790000000000064e-03
-1.964350000000000124e-02 -1.279170000000000047e-03 5.715160000000000379e-03
-1.970469999999999861e-02 -1.279704999999999905e-03 5.747610000000000219e-03
-1.976589999999999944e-02 -1.280225000000000070e-03 5.780129999999999643e-03
-1.982700000000000087e-02 -1.280724999999999919e-03 5.812730000000000327e-03
-1.988820000000000171e-02 -1.281210000000000074e-03 5.845399999999999728e-03
-1.994929999999999967e-02 -1.281674999999999915e-03 5.878150000000000389e-03
-2.001030000000000170e-02 -1.282125000000000061e-03 5.910969999999999766e-03
-2.007130000000000025e-02 -1.282560000000000080e-03 5.943870000000000403e-03
-2.013229999999999881e-02 -1.282975000000000001e-03 5.976849999999999698e-03
-2.019330000000000083e-02 -1.283375000000000011e-03 6.009900000000000311e-03
-2.025419999999999998e-02 -1.283749999999999952e-03 6.043019999999999642e-03
-2.031499999999999972e-02 -1.284114999999999953e-03 6.076220000000000232e-03
-2.037589999999999887e-02 -1.284460000000000072e-03 6.109500000000000347e-03
-2.043669999999999862e-02 -1.284785000000000094e-03 6.142850000000000046e-03
-2.049749999999999836e-02 -1.285094999999999987e-03 6.176280000000000138e-03
-2.055819999999999870e-02 -1.285389999999999970e-03 6.209779999999999814e-03
-2.061889999999999903e-02 -1.285660000000000101e-03 6.243359999999999882e-03
-2.067959999999999937e-02 -1.285920000000000075e-03 6.277010000000000402e-03
-2.074020000000000030e-02 -1.286154999999999981e-03 6.310739999999999579e-03
-2.080080000000000123e-02 -1.286379999999999945e-03 6.344540000000000075e-03
-2.086139999999999869e-02 -1.286585000000000029e-03 6.378420000000000097e-03
-2.092190000000000022e-02 -1.286770000000000014e-03 6.412369999999999702e-03
-2.098239999999999827e-02 -1.286940000000000089e-03 6.446399999999999700e-03
-2.104280000000000039e-02 -1.287095000000000036e-03 6.480500000000000149e-03
-2.110319999999999904e-02 -1.287230000000000102e-03 6.514680000000000124e-03
-2.116360000000000116e-02 -1.287345000000000069e-03 6.548929999999999682e-03
-2.122399999999999981e-02 -1.287450000000000096e-03 6.583259999999999633e-03
-2.128429999999999905e-02 -1.287530000000000055e-03 6.617660000000000035e-03
-2.134449999999999889e-02 -1.287595000000000102e-03 6.652139999999999963e-03
-2.140480000000000160e-02 -1.287640000000000052e-03 6.686690000000000342e-03
-2.146500000000000144e-02 -1.287675000000000061e-03 6.721320000000000246e-03
-2.152509999999999840e-02 -1.287504999999999986e-03 6.756230000000000221e-03
-2.158509999999999943e-02 -1.287280000000000021e-03 6.791270000000000293e-03
-2.164510000000000045e-02 -1.287034999999999959e-03 6.826389999999999889e-03
-2.170510000000000148e-02 -1.286770000000000014e-03 6.861579999999999936e-03
-2.176499999999999962e-02 -1.286494999999999913e-03 6.896839999999999568e-03
-2.182490000000000124e-02 -1.286199999999999930e-03 6.932179999999999592e-03
-2.188479999999999939e-02 -1.285885000000000066e-03 6.967590000000000068e-03
-2.194460000000000161e-02 -1.285555000000000074e-03 7.003080000000000069e-03
-2.200440000000000035e-02 -1.285204999999999985e-03 7.038639999999999654e-03
-2.206409999999999969e-02 -1.284839999999999984e-03 7.074269999999999690e-03
-2.212379999999999902e-02 -1.284455000000000102e-03 7.109980000000000119e-03
-2.218349999999999836e-02 -1.284055000000000092e-03 7.145760000000000133e-03
-2.224309999999999829e-02 -1.283639999999999955e-03 7.181619999999999671e-03
-2.230270000000000169e-02 -1.283204999999999936e-03 7.217549999999999660e-03
-2.236230000000000162e-02 -1.282750000000000036e-03 7.253560000000000042e-03
-2.242179999999999868e-02 -1.282284999999999979e-03 7.289640000000000009e-03
-2.248129999999999920e-02 -1.281800000000000040e-03 7.325790000000000426e-03
-2.254070000000000032e-02 -1.281295000000000003e-03 7.362020000000000369e-03
-2.260010000000000144e-02 -1.280770000000000085e-03 7.398319999999999896e-03
-2.265949999999999909e-02 -1.280235000000000010e-03 7.434689999999999875e-03
-2.271880000000000080e-02 -1.279680000000000054e-03 7.471140000000000246e-03
-2.277809999999999904e-02 -1.279104999999999999e-03 7.507660000000000201e-03
-2.283740000000000075e-02 -1.278520000000000004e-03 7.544259999999999682e-03
-2.289659999999999959e-02 -1.277909999999999940e-03 7.580929999999999613e-03
-2.295579999999999843e-02 -1.277284999999999966e-03 7.617669999999999997e-03
-2.301490000000000133e-02 -1.276645000000000080e-03 7.654489999999999905e-03
-2.307400000000000076e-02 -1.275990000000000067e-03 7.691380000000000265e-03
-2.313300000000000078e-02 -1.275314999999999956e-03 7.728340000000000209e-03
-2.319210000000000022e-02 -1.274619999999999963e-03 7.765379999999999679e-03
-2.325100000000000083e-02 -1.273910000000000060e-03 7.802489999999999599e-03
-2.331000000000000086e-02 -1.273185000000000029e-03 7.839679999999999913e-03
-2.336890000000000148e-02 -1.272439999999999899e-03 7.876940000000000677e-03
-2.342769999999999922e-02 -1.271510000000000001e-03 7.914449999999999957e-03
-2.348640000000000103e-02 -1.270475000000000076e-03 7.952110000000000081e-03
-2.354509999999999936e-02 -1.269429999999999994e-03 7.989859999999999671e-03
-2.360369999999999829e-02 -1.268365000000000031e-03 8.027670000000000639e-03
-2.366230000000000069e-02 -1.267279999999999969e-03 8.065559999999999397e-03
-2.372089999999999962e-02 -1.266184999999999967e-03 8.103519999999999474e-03
-2.377939999999999915e-02 -1.265064999999999896e-03 8.141549999999999135e-03
-2.383789999999999867e-02 -1.263935000000000102e-03 8.179660000000000056e-03
-2.389629999999999879e-02 -1.262780000000000022e-03 8.217840000000000561e-03
-2.395469999999999891e-02 -1.261615000000000002e-03 8.256090000000000650e-03
-2.401309999999999903e-02 -1.260435000000000071e-03 8.294410000000000324e-03
-2.407139999999999974e-02 -1.259230000000000071e-03 8.332809999999999523e-03
-2.412970000000000045e-02 -1.258014999999999915e-03 8.371280000000000041e-03
-2.418789999999999829e-02 -1.256774999999999906e-03 8.409820000000000143e-03
-2.424609999999999960e-02 -1.255524999999999957e-03 8.448439999999999769e-03
-2.430430000000000090e-02 -1.254254999999999910e-03 8.487130000000000715e-03
-2.436239999999999933e-02 -1.252974999999999922e-03 8.525889999999999511e-03
-2.442039999999999836e-02 -1.251670000000000083e-03 8.564719999999999625e-03
-2.447850000000000026e-02 -1.250349999999999899e-03 8.603629999999999264e-03
-2.453649999999999928e-02 -1.249010000000000051e-03 8.642610000000000223e-03
-2.459439999999999890e-02 -1.247655000000000075e-03 8.681660000000000765e-03
-2.465229999999999852e-02 -1.246289999999999941e-03 8.720779999999999157e-03
-2.471020000000000161e-02 -1.244904999999999927e-03 8.759980000000000544e-03
-2.476799999999999835e-02 -1.243500000000000031e-03 8.799239999999999839e-03
-2.482579999999999856e-02 -1.242080000000000007e-03 8.838580000000000395e-03
-2.488349999999999937e-02 -1.240640000000000102e-03 8.878000000000000475e-03
-2.494120000000000018e-02 -1.239190000000000040e-03 8.917480000000000198e-03
-2.499890000000000098e-02 -1.237714999999999909e-03 8.957039999999999447e-03
-2.505649999999999891e-02 -1.236225000000000084e-03 8.996670000000000014e-03
-2.511410000000000031e-02 -1.234719999999999915e-03 9.036370000000000166e-03
-2.517159999999999884e-02 -1.233200000000000051e-03 9.076139999999999902e-03
-2.522910000000000083e-02 -1.231660000000000090e-03 9.115979999999999223e-03
-2.528649999999999995e-02 -1.230034999999999983e-03 9.155989999999999268e-03
-2.534389999999999907e-02 -1.228329999999999917e-03 9.196140000000000217e-03
-2.540119999999999878e-02 -1.226604999999999970e-03 9.236360000000000750e-03
-2.545839999999999909e-02 -1.224870000000000082e-03 9.276649999999999133e-03
-2.551559999999999939e-02 -1.223115000000000096e-03 9.317010000000000569e-03
-2.557279999999999970e-02 -1.221344999999999983e-03 9.357449999999999796e-03
-2.563000000000000000e-02 -1.219550000000000018e-03 9.397960000000000341e-03
-2.568700000000000150e-02 -1.217750000000000082e-03 9.438540000000000471e-03
-2.574409999999999893e-02 -1.215925000000000079e-03 9.479190000000000185e-03
-2.580110000000000042e-02 -1.214084999999999947e-03 9.519909999999999484e-03
-2.585809999999999845e-02 -1.212235000000000092e-03 9.560700000000000101e-03
-2.591500000000000054e-02 -1.210361999999999983e-03 9.601570000000000243e-03
-2.597179999999999975e-02 -1.208473000000000056e-03 9.642500000000000029e-03
-2.602869999999999837e-02 -1.206566999999999969e-03 9.683509999999999340e-03
-2.608550000000000105e-02 -1.204645000000000065e-03 9.724589999999999970e-03
-2.614220000000000085e-02 -1.202706000000000001e-03 9.765730000000000244e-03
-2.619890000000000066e-02 -1.200750999999999902e-03 9.806950000000000042e-03
-2.625560000000000047e-02 -1.198779999999999984e-03 9.848249999999999366e-03
-2.631220000000000087e-02 -1.196791999999999908e-03 9.889610000000000067e-03
-2.636869999999999839e-02 -1.194788000000000013e-03 9.931040000000000353e-03
-2.642529999999999879e-02 -1.192766999999999959e-03 9.972550000000000164e-03
-2.648170000000000038e-02 -1.190730000000000087e-03 1.001409999999999974e-02
-2.653820000000000137e-02 -1.188676999999999963e-03 1.005580000000000016e-02
-2.659459999999999949e-02 -1.186606999999999896e-03 1.009750000000000057e-02
-2.665090000000000167e-02 -1.184516000000000041e-03 1.013930000000000040e-02
-2.670720000000000038e-02 -1.182413999999999904e-03 1.018110000000000022e-02
-2.676349999999999910e-02 -1.180295000000000042e-03 1.022310000000000059e-02
-2.681969999999999840e-02 -1.178154999999999957e-03 1.026509999999999923e-02
-2.687579999999999830e-02 -1.176004000000000025e-03 1.030709999999999960e-02
-2.693200000000000108e-02 -1.173837000000000057e-03 1.034930000000000051e-02
-2.698800000000000157e-02 -1.171647999999999960e-03 1.039149999999999970e-02
-2.704410000000000147e-02 -1.169448000000000015e-03 1.043380000000000002e-02
-2.709999999999999909e-02 -1.167152999999999984e-03 1.047619999999999975e-02
-2.715590000000000018e-02 -1.164733999999999952e-03 1.051889999999999943e-02
-2.721180000000000127e-02 -1.162299000000000101e-03 1.056160000000000085e-02
-2.726759999999999948e-02 -1.159847000000000091e-03 1.060449999999999934e-02
-2.732340000000000116e-02 -1.157379000000000047e-03 1.064730000000000017e-02
-2.737909999999999996e-02 -1.154894999999999967e-03 1.069029999999999980e-02
-2.743469999999999936e-02 -1.152395000000000069e-03 1.073329999999999944e-02
-2.749040000000000164e-02 -1.149873000000000041e-03 1.077640000000000021e-02
-2.754590000000000163e-02 -1.147339999999999948e-03 1.081960000000000040e-02
-2.760150000000000103e-02 -1.144791000000000038e-03 1.086280000000000058e-02
-2.765700000000000103e-02 -1.142224999999999968e-03 1.090610000000000017e-02
-2.771240000000000162e-02 -1.139643999999999987e-03 1.094949999999999916e-02
-2.776779999999999873e-02 -1.137041000000000093e-03 1.099299999999999930e-02
-2.782309999999999992e-02 -1.134426999999999918e-03 1.103649999999999944e-02
-2.787840000000000110e-02 -1.131796999999999925e-03 1.108010000000000071e-02
-2.793369999999999881e-02 -1.129145000000000018e-03 1.112370000000000025e-02
-2.798890000000000058e-02 -1.126482999999999955e-03 1.116739999999999920e-02
-2.804409999999999889e-02 -1.123803999999999949e-03 1.121119999999999929e-02
-2.809920000000000126e-02 -1.121103999999999937e-03 1.125510000000000052e-02
-2.815430000000000016e-02 -1.118393000000000078e-03 1.129900000000000002e-02
-2.820929999999999965e-02 -1.115660999999999996e-03 1.134300000000000065e-02
-2.826419999999999974e-02 -1.112918000000000067e-03 1.138710000000000069e-02
-2.831919999999999923e-02 -1.110153000000000008e-03 1.143120000000000074e-02
-2.837399999999999992e-02 -1.107378000000000008e-03 1.147549999999999959e-02
-2.842890000000000000e-02 -1.104581000000000096e-03 1.151970000000000077e-02
-2.848370000000000068e-02 -1.101774000000000026e-03 1.156410000000000077e-02
-2.853839999999999849e-02 -1.098945000000000043e-03 1.160850000000000076e-02
-2.859309999999999977e-02 -1.096100000000000026e-03 1.165300000000000016e-02
-2.864770000000000164e-02 -1.093243999999999943e-03 1.169749999999999956e-02
-2.870230000000000004e-02 -1.090367999999999980e-03 1.174219999999999951e-02
-2.875689999999999844e-02 -1.087475000000000074e-03 1.178689999999999946e-02
-2.881140000000000090e-02 -1.084571000000000103e-03 1.183159999999999941e-02
-2.886580000000000049e-02 -1.081645999999999910e-03 1.187649999999999990e-02
-2.892020000000000007e-02 -1.078704999999999898e-03 1.192140000000000040e-02
-2.897459999999999966e-02 -1.075748000000000069e-03 1.196629999999999916e-02
-2.902889999999999984e-02 -1.072774999999999987e-03 1.201140000000000020e-02
-2.908310000000000062e-02 -1.069791999999999965e-03 1.205649999999999951e-02
-2.913740000000000080e-02 -1.066787000000000030e-03 1.210160000000000055e-02
-2.919149999999999870e-02 -1.063766000000000060e-03 1.214690000000000041e-02
-2.924560000000000007e-02 -1.060729999999999963e-03 1.219220000000000026e-02
-2.929970000000000144e-02 -1.057676999999999923e-03 1.223759999999999952e-02
-2.935369999999999993e-02 -1.054608999999999972e-03 1.228300000000000052e-02
-2.940769999999999842e-02 -1.051529000000000049e-03 1.232849999999999918e-02
-2.946160000000000098e-02 -1.048429000000000028e-03 1.237410000000000072e-02
-2.951550000000000007e-02 -1.045312999999999971e-03 1.241979999999999994e-02
-2.956929999999999975e-02 -1.042181000000000097e-03 1.246549999999999915e-02
-2.962309999999999943e-02 -1.039032999999999970e-03 1.251129999999999950e-02
-2.967679999999999971e-02 -1.035869000000000026e-03 1.255709999999999986e-02
-2.973049999999999998e-02 -1.032689999999999953e-03 1.260310000000000076e-02
-2.978410000000000085e-02 -1.029493999999999939e-03 1.264909999999999993e-02
-2.983770000000000172e-02 -1.026283000000000013e-03 1.269510000000000083e-02
-2.989119999999999971e-02 -1.023056000000000052e-03 1.274130000000000054e-02
-2.994470000000000118e-02 -1.019813000000000056e-03 1.278750000000000026e-02
-2.999809999999999977e-02 -1.016554999999999933e-03 1.283369999999999997e-02
-3.005149999999999835e-02 -1.013280000000000083e-03 1.288010000000000023e-02
-3.010480000000000100e-02 -1.009990000000000106e-03 1.292650000000000049e-02
-3.015810000000000018e-02 -1.006684000000000094e-03 1.297290000000000075e-02
-3.021129999999999996e-02 -1.003362999999999955e-03 1.301949999999999982e-02
-3.026449999999999974e-02 -1.000019999999999902e-03 1.306610000000000063e-02
-3.031760000000000010e-02 -9.966669999999999089e-04 1.311269999999999970e-02
-3.037070000000000047e-02 -9.932980000000000975e-04 1.315949999999999932e-02
-3.042370000000000144e-02 -9.899139999999999415e-04 1.320630000000000068e-02
-3.047669999999999893e-02 -9.865139999999999673e-04 1.325319999999999970e-02
-3.052960000000000049e-02 -9.830979999999999580e-04 1.330010000000000046e-02
-3.058249999999999857e-02 -9.796349999999999676e-04 1.334710000000000063e-02
-3.063530000000000073e-02 -9.759719999999999724e-04 1.339440000000000075e-02
-3.068809999999999941e-02 -9.722939999999999578e-04 1.344169999999999913e-02
-3.074079999999999868e-02 -9.686000000000000165e-04 1.348910000000000040e-02
-3.079350000000000143e-02 -9.648960000000000262e-04 1.353659999999999933e-02
-3.084610000000000130e-02 -9.611700000000000148e-04 1.358419999999999940e-02
-3.089870000000000116e-02 -9.574289999999999841e-04 1.363179999999999947e-02
-3.095120000000000163e-02 -9.536730000000000424e-04 1.367939999999999955e-02
-3.100369999999999862e-02 -9.499000000000000499e-04 1.372720000000000017e-02
-3.105609999999999968e-02 -9.461170000000000083e-04 1.377500000000000079e-02
-3.110850000000000073e-02 -9.423139999999999772e-04 1.382279999999999967e-02
-3.116079999999999892e-02 -9.384950000000000193e-04 1.387080000000000084e-02
-3.121300000000000116e-02 -9.346600000000000264e-04 1.391880000000000027e-02
-3.126519999999999994e-02 -9.308089999999999984e-04 1.396690000000000084e-02
-3.131740000000000218e-02 -9.269480000000000297e-04 1.401499999999999968e-02
-3.136950000000000155e-02 -9.230669999999999631e-04 1.406319999999999966e-02
-3.142160000000000092e-02 -9.191699999999999697e-04 1.411150000000000078e-02
-3.147359999999999741e-02 -9.152570000000000497e-04 1.415980000000000016e-02
-3.152549999999999797e-02 -9.113290000000000019e-04 1.420820000000000069e-02
-3.157739999999999853e-02 -9.073850000000000275e-04 1.425670000000000062e-02
-3.162929999999999908e-02 -9.034310000000000040e-04 1.430520000000000055e-02
-3.168109999999999676e-02 -8.994559999999999752e-04 1.435379999999999989e-02
-3.173279999999999851e-02 -8.954660000000000354e-04 1.440250000000000037e-02
-3.178450000000000025e-02 -8.914599999999999521e-04 1.445120000000000085e-02
-3.183609999999999912e-02 -8.874389999999999579e-04 1.450000000000000074e-02
-3.188769999999999799e-02 -8.834020000000000370e-04 1.454890000000000003e-02
-3.193929999999999686e-02 -8.793549999999999587e-04 1.459779999999999932e-02
-3.199069999999999692e-02 -8.752869999999999834e-04 1.464679999999999975e-02
-3.204219999999999985e-02 -8.712039999999999888e-04 1.469589999999999959e-02
-3.209359999999999991e-02 -8.671059999999999749e-04 1.474499999999999943e-02
-3.214489999999999709e-02 -8.629920000000000343e-04 1.479420000000000041e-02
-3.219609999999999833e-02 -8.588680000000000446e-04 1.484350000000000079e-02
-3.224740000000000245e-02 -8.547230000000000496e-04 1.489279999999999944e-02
-3.229850000000000082e-02 -8.505630000000000352e-04 1.494219999999999923e-02
-3.234959999999999919e-02 -8.463880000000000015e-04 1.499170000000000016e-02
-3.240069999999999756e-02 -8.422020000000000114e-04 1.504119999999999936e-02
-3.245169999999999999e-02 -8.379960000000000317e-04 1.509079999999999970e-02
-3.250270000000000242e-02 -8.337750000000000326e-04 1.514040000000000004e-02
-3.255360000000000198e-02 -8.295379999999999985e-04 1.519009999999999978e-02
-3.260439999999999866e-02 -8.252910000000000237e-04 1.523990000000000067e-02
-3.265520000000000228e-02 -8.210230000000000436e-04 1.528979999999999922e-02
-3.270590000000000303e-02 -8.167409999999999514e-04 1.533969999999999952e-02
-3.275659999999999683e-02 -8.124430000000000410e-04 1.538969999999999921e-02
-3.280729999999999758e-02 -8.081349999999999732e-04 1.543970000000000065e-02
-3.285779999999999951e-02 -8.038060000000000083e-04 1.548979999999999975e-02
-3.290839999999999738e-02 -7.994680000000000102e-04 1.553999999999999999e-02
-3.295880000000000337e-02 -7.951090000000000067e-04 1.559020000000000024e-02
-3.300920000000000243e-02 -7.907349999999999839e-04 1.564050000000000162e-02
-3.305960000000000149e-02 -7.863510000000000204e-04 1.569090000000000068e-02
-3.310989999999999767e-02 -7.819460000000000516e-04 1.574129999999999974e-02
-3.316020000000000079e-02 -7.775269999999999708e-04 1.579180000000000167e-02
-3.321040000000000103e-02 -7.730970000000000420e-04 1.584239999999999954e-02
-3.326049999999999840e-02 -7.686470000000000151e-04 1.589300000000000088e-02
-3.331060000000000271e-02 -7.641870000000000477e-04 1.594370000000000162e-02
-3.336059999999999720e-02 -7.597059999999999664e-04 1.599449999999999830e-02
-3.341059999999999863e-02 -7.552159999999999603e-04 1.604529999999999845e-02
-3.346060000000000006e-02 -7.507049999999999487e-04 1.609620000000000148e-02
-3.351040000000000268e-02 -7.461850000000000123e-04 1.614710000000000104e-02
-3.356019999999999837e-02 -7.416229999999999567e-04 1.619819999999999940e-02
-3.360980000000000217e-02 -7.369959999999999619e-04 1.624940000000000065e-02
-3.365939999999999904e-02 -7.323479999999999617e-04 1.630080000000000071e-02
-3.370889999999999997e-02 -7.276910000000000366e-04 1.635210000000000136e-02
-3.375840000000000091e-02 -7.230189999999999837e-04 1.640360000000000082e-02
-3.380779999999999896e-02 -7.183260000000000339e-04 1.645510000000000028e-02
-3.385719999999999702e-02 -7.136240000000000508e-04 1.650669999999999915e-02
-3.390649999999999914e-02 -7.089060000000000326e-04 1.655830000000000149e-02
-3.395569999999999838e-02 -7.041740000000000109e-04 1.660999999999999976e-02
-3.400489999999999763e-02 -6.994209999999999837e-04 1.666180000000000092e-02
-3.405400000000000094e-02 -6.946590000000000317e-04 1.671359999999999860e-02
-3.410309999999999730e-02 -6.898810000000000445e-04 1.676549999999999915e-02
-3.415209999999999774e-02 -6.850890000000000538e-04 1.681739999999999971e-02
-3.420109999999999817e-02 -6.802810000000000280e-04 1.686939999999999967e-02
-3.425000000000000266e-02 -6.754589999999999986e-04 1.692149999999999904e-02
-3.429890000000000022e-02 -6.706210000000000426e-04 1.697370000000000129e-02
-3.434770000000000184e-02 -6.657689999999999745e-04 1.702590000000000006e-02
-3.439640000000000059e-02 -6.608970000000000252e-04 1.707809999999999884e-02
-3.444509999999999933e-02 -6.560140000000000112e-04 1.713049999999999989e-02
-3.449370000000000214e-02 -6.511169999999999935e-04 1.718290000000000095e-02
-3.454229999999999801e-02 -6.462100000000000352e-04 1.723529999999999854e-02
-3.459079999999999794e-02 -6.412839999999999947e-04 1.728779999999999900e-02
-3.463929999999999787e-02 -6.363420000000000274e-04 1.734039999999999887e-02
-3.468770000000000187e-02 -6.313850000000000408e-04 1.739310000000000161e-02
-3.473600000000000299e-02 -6.264140000000000506e-04 1.744580000000000089e-02
-3.478429999999999717e-02 -6.214280000000000411e-04 1.749850000000000017e-02
-3.483250000000000235e-02 -6.164270000000000123e-04 1.755140000000000172e-02
-3.488070000000000059e-02 -6.114160000000000428e-04 1.760429999999999981e-02
-3.492880000000000290e-02 -6.063849999999999752e-04 1.765720000000000137e-02
-3.497689999999999827e-02 -6.013400000000000125e-04 1.771019999999999886e-02
-3.502489999999999770e-02 -5.962850000000000008e-04 1.776329999999999923e-02
-3.507280000000000120e-02 -5.912099999999999994e-04 1.781649999999999900e-02
-3.512069999999999775e-02 -5.861199999999999787e-04 1.786969999999999878e-02
-3.516849999999999837e-02 -5.810210000000000331e-04 1.792289999999999855e-02
-3.521629999999999899e-02 -5.759019999999999894e-04 1.797630000000000061e-02
-3.526399999999999674e-02 -5.707730000000000052e-04 1.802969999999999920e-02
-3.531170000000000142e-02 -5.656250000000000470e-04 1.808310000000000126e-02
-3.535930000000000323e-02 -5.604660000000000241e-04 1.813659999999999925e-02
-3.540680000000000216e-02 -5.552940000000000133e-04 1.819020000000000012e-02
-3.545430000000000109e-02 -5.501009999999999971e-04 1.824380000000000099e-02
-3.550180000000000002e-02 -5.448989999999999476e-04 1.829750000000000126e-02
-3.554910000000000014e-02 -5.396819999999999872e-04 1.835130000000000094e-02
-3.559640000000000026e-02 -5.344460000000000530e-04 1.840510000000000063e-02
-3.564370000000000038e-02 -5.291999999999999612e-04 1.845899999999999971e-02
-3.569089999999999763e-02 -5.239389999999999586e-04 1.851300000000000168e-02
-3.573799999999999893e-02 -5.186639999999999523e-04 1.856700000000000017e-02
-3.578510000000000024e-02 -5.133750000000000509e-04 1.862099999999999866e-02
-3.583209999999999867e-02 -5.080700000000000060e-04 1.867519999999999944e-02
-3.587909999999999711e-02 -5.027509999999999575e-04 1.872940000000000021e-02
-3.592599999999999960e-02 -4.974180000000000138e-04 1.878360000000000099e-02
-3.597279999999999922e-02 -4.920700000000000508e-04 1.883790000000000117e-02
-3.601959999999999884e-02 -4.867079999999999757e-04 1.889230000000000076e-02
-3.606630000000000252e-02 -4.813309999999999898e-04 1.894670000000000035e-02
-3.611299999999999927e-02 -4.759400000000000002e-04 1.900119999999999934e-02
-3.615960000000000008e-02 -4.705390000000000158e-04 1.905580000000000121e-02
-3.620620000000000088e-02 -4.651190000000000034e-04 1.911039999999999961e-02
-3.625269999999999881e-02 -4.596840000000000257e-04 1.916510000000000088e-02
-3.629910000000000081e-02 -4.542400000000000149e-04 1.921979999999999869e-02
-3.634539999999999993e-02 -4.487119999999999824e-04 1.927469999999999878e-02
-3.639150000000000024e-02 -4.430880000000000105e-04 1.932980000000000115e-02
-3.643749999999999767e-02 -4.374550000000000053e-04 1.938490000000000005e-02
-3.648350000000000204e-02 -4.318079999999999965e-04 1.944009999999999835e-02
-3.652939999999999660e-02 -4.261469999999999841e-04 1.949539999999999954e-02
-3.657529999999999809e-02 -4.204710000000000066e-04 1.955070000000000072e-02
-3.662109999999999671e-02 -4.147800000000000098e-04 1.960610000000000130e-02
-3.666679999999999939e-02 -4.090750000000000094e-04 1.966149999999999842e-02
-3.671250000000000208e-02 -4.033560000000000053e-04 1.971699999999999842e-02
-3.675810000000000188e-02 -3.976229999999999977e-04 1.977260000000000129e-02
-3.680370000000000169e-02 -3.918750000000000250e-04 1.982820000000000069e-02
-3.684919999999999862e-02 -3.861129999999999944e-04 1.988389999999999949e-02
-3.689459999999999962e-02 -3.803419999999999848e-04 1.993959999999999830e-02
-3.694000000000000061e-02 -3.745509999999999855e-04 1.999539999999999998e-02
-3.698529999999999873e-02 -3.687459999999999826e-04 2.005120000000000166e-02
-3.703059999999999685e-02 -3.629320000000000007e-04 2.010709999999999928e-02
-3.707579999999999903e-02 -3.570979999999999749e-04 2.016309999999999977e-02
-3.712089999999999834e-02 -3.512559999999999858e-04 2.021910000000000027e-02
-3.716599999999999765e-02 -3.453940000000000070e-04 2.027520000000000017e-02
-3.721100000000000102e-02 -3.395229999999999949e-04 2.033139999999999947e-02
-3.725599999999999745e-02 -3.336370000000000178e-04 2.038759999999999878e-02
-3.730089999999999795e-02 -3.277379999999999985e-04 2.044390000000000096e-02
-3.734570000000000251e-02 -3.218189999999999896e-04 2.050019999999999967e-02
-3.739050000000000012e-02 -3.158910000000000017e-04 2.055660000000000126e-02
-3.743520000000000181e-02 -3.099490000000000101e-04 2.061299999999999938e-02
-3.747980000000000061e-02 -3.039930000000000149e-04 2.066950000000000037e-02
-3.752439999999999942e-02 -2.980230000000000162e-04 2.072610000000000077e-02
-3.756899999999999823e-02 -2.920390000000000139e-04 2.078270000000000117e-02
-3.761339999999999822e-02 -2.860450000000000167e-04 2.083940000000000098e-02
-3.765779999999999822e-02 -2.800330000000000072e-04 2.089610000000000078e-02
-3.770219999999999821e-02 -2.740059999999999783e-04 2.095290000000000000e-02
-3.774650000000000227e-02 -2.679709999999999861e-04 2.100979999999999862e-02
-3.779070000000000346e-02 -2.619160000000000043e-04 2.106670000000000070e-02
-3.783480000000000176e-02 -2.558519999999999892e-04 2.112359999999999932e-02
-3.787890000000000007e-02 -2.497700000000000159e-04 2.118070000000000022e-02
-3.792299999999999838e-02 -2.436779999999999936e-04 2.123780000000000112e-02
-3.796700000000000075e-02 -2.375669999999999974e-04 2.129489999999999855e-02
-3.801090000000000024e-02 -2.314480000000000107e-04 2.135209999999999886e-02
-3.805469999999999686e-02 -2.253140000000000047e-04 2.140939999999999857e-02
-3.809850000000000042e-02 -2.191659999999999951e-04 2.146669999999999828e-02
-3.814220000000000110e-02 -2.130049999999999977e-04 2.152410000000000087e-02
-3.818590000000000179e-02 -2.068290000000000081e-04 2.158149999999999999e-02
-3.822949999999999959e-02 -2.006400000000000035e-04 2.163899999999999851e-02
-3.827309999999999740e-02 -1.944369999999999953e-04 2.169650000000000051e-02
-3.831650000000000333e-02 -1.882200000000000106e-04 2.175420000000000131e-02
-3.835999999999999827e-02 -1.819939999999999926e-04 2.181179999999999924e-02
-3.840330000000000132e-02 -1.757490000000000007e-04 2.186950000000000005e-02
-3.844659999999999744e-02 -1.694950000000000026e-04 2.192730000000000026e-02
-3.848979999999999763e-02 -1.632229999999999922e-04 2.198519999999999988e-02
-3.853299999999999781e-02 -1.569409999999999870e-04 2.204309999999999950e-02
-3.857610000000000205e-02 -1.506409999999999965e-04 2.210099999999999912e-02
-3.861910000000000343e-02 -1.443319999999999998e-04 2.215900000000000161e-02
-3.866209999999999786e-02 -1.380099999999999882e-04 2.221710000000000004e-02
-3.870500000000000329e-02 -1.316730000000000114e-04 2.227519999999999847e-02
-3.874790000000000179e-02 -1.253229999999999926e-04 2.233339999999999978e-02
-3.879069999999999740e-02 -1.189589999999999973e-04 2.239160000000000109e-02
-3.883339999999999709e-02 -1.125809999999999983e-04 2.244989999999999833e-02
-3.887609999999999677e-02 -1.061910000000000002e-04 2.250829999999999845e-02
-3.891859999999999764e-02 -9.971099999999999451e-05 2.256680000000000144e-02
-3.896089999999999970e-02 -9.317250000000000282e-05 2.262549999999999978e-02
-3.900320000000000176e-02 -8.662050000000000186e-05 2.268420000000000158e-02
-3.904549999999999688e-02 -8.005599999999999381e-05 2.274299999999999933e-02
-3.908760000000000012e-02 -7.347749999999999572e-05 2.280180000000000054e-02
-3.912970000000000337e-02 -6.688599999999999624e-05 2.286070000000000116e-02
-3.917179999999999968e-02 -6.028049999999999994e-05 2.291959999999999831e-02
-3.921380000000000005e-02 -5.366250000000000333e-05 2.297859999999999833e-02
-3.925569999999999754e-02 -4.703099999999999745e-05 2.303770000000000123e-02
-3.929749999999999910e-02 -4.038699999999999804e-05 2.309680000000000066e-02
-3.933930000000000066e-02 -3.372900000000000182e-05 2.315599999999999950e-02
-3.938099999999999934e-02 -2.705749999999999971e-05 2.321519999999999834e-02
-3.942269999999999802e-02 -2.037350000000000069e-05 2.327450000000000005e-02
-3.946430000000000077e-02 -1.367650000000000026e-05 2.333379999999999829e-02
-3.950580000000000064e-02 -6.965999999999999882e-06 2.339319999999999941e-02
-3.954730000000000051e-02 -2.420000000000000229e-07 2.345269999999999994e-02
-3.958869999999999750e-02 6.494500000000000246e-06 2.351220000000000046e-02
-3.962999999999999856e-02 1.324449999999999999e-05 2.357170000000000099e-02
-3.967129999999999962e-02 2.000700000000000004e-05 2.363130000000000092e-02
-3.971249999999999780e-02 2.678300000000000090e-05 2.369100000000000025e-02
-3.975370000000000292e-02 3.357200000000000315e-05 2.375069999999999959e-02
-3.979479999999999823e-02 4.037600000000000103e-05 2.381049999999999833e-02
-3.983579999999999760e-02 4.718949999999999940e-05 2.387039999999999995e-02
-3.987670000000000103e-02 5.401750000000000247e-05 2.393019999999999869e-02
-3.991759999999999753e-02 6.085950000000000235e-05 2.399019999999999972e-02
-3.995839999999999809e-02 6.771149999999999706e-05 2.405020000000000074e-02
-3.999919999999999864e-02 7.457800000000000323e-05 2.411030000000000117e-02
-4.003990000000000327e-02 8.145899999999999376e-05 2.417040000000000161e-02
-4.008049999999999807e-02 8.835000000000000622e-05 2.423049999999999857e-02
-4.012109999999999982e-02 9.525499999999999517e-05 2.429069999999999840e-02
-4.016150000000000275e-02 1.021750000000000034e-04 2.435100000000000112e-02
-4.020200000000000162e-02 1.091040000000000044e-04 2.441130000000000036e-02
-4.024230000000000168e-02 1.160529999999999949e-04 2.447169999999999901e-02
-4.028260000000000174e-02 1.230059999999999942e-04 2.453220000000000053e-02
-4.032290000000000180e-02 1.299790000000000103e-04 2.459269999999999859e-02
-4.036300000000000304e-02 1.369610000000000055e-04 2.465320000000000011e-02
-4.040309999999999735e-02 1.439529999999999955e-04 2.471380000000000104e-02
-4.044319999999999860e-02 1.509640000000000135e-04 2.477450000000000138e-02
-4.048319999999999697e-02 1.579849999999999993e-04 2.483520000000000172e-02
-4.052309999999999940e-02 1.650149999999999913e-04 2.489589999999999859e-02
-4.056289999999999896e-02 1.720650000000000001e-04 2.495669999999999833e-02
-4.060269999999999851e-02 1.791239999999999879e-04 2.501760000000000095e-02
-4.064240000000000214e-02 1.861929999999999976e-04 2.507850000000000010e-02
-4.068200000000000288e-02 1.932760000000000109e-04 2.513949999999999865e-02
-4.072159999999999669e-02 2.003739999999999894e-04 2.520050000000000068e-02
-4.076110000000000150e-02 2.074859999999999986e-04 2.526159999999999864e-02
-4.080050000000000343e-02 2.146080000000000025e-04 2.532279999999999948e-02
-4.083989999999999843e-02 2.217390000000000127e-04 2.538400000000000031e-02
-4.087919999999999748e-02 2.288889999999999968e-04 2.544520000000000115e-02
-4.091849999999999654e-02 2.360490000000000027e-04 2.550650000000000139e-02
-4.095759999999999679e-02 2.432190000000000036e-04 2.556780000000000164e-02
-4.099679999999999991e-02 2.504030000000000080e-04 2.562930000000000069e-02
-4.103579999999999728e-02 2.576020000000000046e-04 2.569070000000000034e-02
-4.107480000000000159e-02 2.648099999999999803e-04 2.575219999999999940e-02
-4.111370000000000302e-02 2.720320000000000138e-04 2.581380000000000133e-02
-4.115250000000000158e-02 2.792690000000000125e-04 2.587539999999999979e-02
-4.119130000000000014e-02 2.865149999999999902e-04 2.593710000000000113e-02
-4.123000000000000276e-02 2.937759999999999872e-04 2.599879999999999899e-02
-4.126849999999999963e-02 3.011169999999999971e-04 2.606069999999999914e-02
-4.130690000000000056e-02 3.084949999999999932e-04 2.612269999999999870e-02
-4.134530000000000149e-02 3.158820000000000226e-04 2.618470000000000172e-02
-4.138349999999999668e-02 3.232779999999999768e-04 2.624680000000000069e-02
-4.142169999999999880e-02 3.306890000000000046e-04 2.630889999999999965e-02
-4.145990000000000092e-02 3.381149999999999976e-04 2.637110000000000148e-02
-4.149789999999999729e-02 3.455539999999999784e-04 2.643329999999999985e-02
-4.153599999999999653e-02 3.530040000000000239e-04 2.649560000000000110e-02
-4.157389999999999697e-02 3.604619999999999786e-04 2.655789999999999887e-02
-4.161170000000000146e-02 3.679360000000000226e-04 2.662029999999999952e-02
-4.164949999999999902e-02 3.754230000000000002e-04 2.668279999999999957e-02
-4.168729999999999658e-02 3.829200000000000268e-04 2.674529999999999963e-02
-4.172490000000000226e-02 3.904310000000000029e-04 2.680779999999999968e-02
-4.176250000000000101e-02 3.979519999999999737e-04 2.687039999999999915e-02
-4.180009999999999976e-02 4.054870000000000024e-04 2.693310000000000148e-02
-4.183749999999999969e-02 4.130369999999999962e-04 2.699580000000000035e-02
-4.187489999999999962e-02 4.205960000000000232e-04 2.705849999999999922e-02
-4.191219999999999668e-02 4.281639999999999752e-04 2.712130000000000096e-02
-4.194950000000000068e-02 4.357520000000000252e-04 2.718419999999999864e-02
-4.198670000000000180e-02 4.433439999999999755e-04 2.724709999999999979e-02
-4.202380000000000004e-02 4.509560000000000239e-04 2.731000000000000094e-02
-4.206080000000000235e-02 4.585720000000000269e-04 2.737310000000000090e-02
-4.209779999999999772e-02 4.662070000000000038e-04 2.743610000000000146e-02
-4.213469999999999716e-02 4.738519999999999755e-04 2.749920000000000142e-02
-4.217159999999999659e-02 4.815059999999999805e-04 2.756240000000000079e-02
-4.220840000000000009e-02 4.891739999999999890e-04 2.762560000000000016e-02
-4.224510000000000071e-02 4.968519999999999924e-04 2.768889999999999893e-02
-4.228169999999999845e-02 5.045439999999999994e-04 2.775220000000000117e-02
-4.231830000000000314e-02 5.122510000000000258e-04 2.781549999999999995e-02
-4.235479999999999801e-02 5.199669999999999770e-04 2.787900000000000100e-02
-4.239119999999999694e-02 5.276919999999999614e-04 2.794239999999999918e-02
-4.242760000000000281e-02 5.354319999999999653e-04 2.800590000000000024e-02
-4.246389999999999887e-02 5.431859999999999727e-04 2.806950000000000070e-02
-4.250009999999999899e-02 5.509490000000000134e-04 2.813310000000000116e-02
-4.253629999999999911e-02 5.587269999999999650e-04 2.819680000000000103e-02
-4.257230000000000042e-02 5.665139999999999499e-04 2.826050000000000090e-02
-4.260839999999999766e-02 5.743099999999999681e-04 2.832430000000000017e-02
-4.264430000000000304e-02 5.821210000000000056e-04 2.838809999999999945e-02
-4.268020000000000147e-02 5.899460000000000467e-04 2.845189999999999872e-02
-4.271599999999999703e-02 5.977800000000000127e-04 2.851590000000000028e-02
-4.275179999999999952e-02 6.056240000000000278e-04 2.857979999999999896e-02
-4.278740000000000321e-02 6.134820000000000464e-04 2.864380000000000051e-02
-4.282299999999999995e-02 6.213539999999999602e-04 2.870790000000000147e-02
-4.285859999999999670e-02 6.292360000000000314e-04 2.877199999999999896e-02
-4.289400000000000157e-02 6.371270000000000275e-04 2.883619999999999933e-02
-4.292939999999999950e-02 6.450320000000000272e-04 2.890039999999999970e-02
-4.296470000000000150e-02 6.529510000000000305e-04 2.896469999999999947e-02
-4.299999999999999656e-02 6.608750000000000041e-04 2.902899999999999925e-02
-4.303520000000000262e-02 6.688179999999999516e-04 2.909329999999999902e-02
-4.307029999999999886e-02 6.767659999999999778e-04 2.915770000000000167e-02
-4.310529999999999917e-02 6.847329999999999780e-04 2.922220000000000026e-02
-4.314029999999999948e-02 6.927040000000000411e-04 2.928669999999999884e-02
-4.317519999999999691e-02 7.006889999999999993e-04 2.935130000000000031e-02
-4.321010000000000129e-02 7.086889999999999770e-04 2.941589999999999830e-02
-4.324479999999999991e-02 7.166969999999999721e-04 2.948049999999999976e-02
-4.327949999999999853e-02 7.247160000000000320e-04 2.954520000000000063e-02
-4.331410000000000121e-02 7.327479999999999714e-04 2.961000000000000090e-02
-4.334869999999999696e-02 7.407950000000000385e-04 2.967480000000000118e-02
-4.338310000000000083e-02 7.488389999999999500e-04 2.973970000000000086e-02
-4.341740000000000183e-02 7.568930000000000189e-04 2.980460000000000054e-02
-4.345159999999999995e-02 7.649609999999999830e-04 2.986959999999999962e-02
-4.348579999999999807e-02 7.730379999999999804e-04 2.993470000000000159e-02
-4.351979999999999738e-02 7.811299999999999971e-04 2.999980000000000008e-02
-4.355389999999999956e-02 7.892310000000000471e-04 3.006489999999999857e-02
-4.358780000000000293e-02 7.973459999999999923e-04 3.013009999999999994e-02
-4.362169999999999936e-02 8.054709999999999865e-04 3.019540000000000071e-02
-4.365549999999999986e-02 8.136039999999999982e-04 3.026070000000000149e-02
-4.368919999999999748e-02 8.217520000000000293e-04 3.032599999999999879e-02
-4.372290000000000204e-02 8.299089999999999853e-04 3.039139999999999897e-02
-4.375649999999999679e-02 8.380809999999999605e-04 3.045679999999999915e-02
-4.379000000000000253e-02 8.462619999999999691e-04 3.052229999999999874e-02
-4.382350000000000134e-02 8.544559999999999655e-04 3.058779999999999832e-02
-4.385680000000000134e-02 8.626559999999999480e-04 3.065340000000000079e-02
-4.389010000000000133e-02 8.708739999999999971e-04 3.071899999999999978e-02
-4.392340000000000133e-02 8.790960000000000007e-04 3.078470000000000165e-02
-4.395650000000000251e-02 8.873330000000000236e-04 3.085040000000000004e-02
-4.398959999999999676e-02 8.955840000000000502e-04 3.091620000000000132e-02
-4.402269999999999794e-02 9.038450000000000173e-04 3.098199999999999912e-02
-4.405560000000000032e-02 9.121140000000000020e-04 3.104780000000000040e-02
-4.408850000000000269e-02 9.203980000000000061e-04 3.111370000000000108e-02
-4.412130000000000218e-02 9.286900000000000276e-04 3.117970000000000116e-02
-4.415399999999999880e-02 9.369930000000000056e-04 3.124570000000000125e-02
-4.418670000000000236e-02 9.453089999999999713e-04 3.131169999999999787e-02
-4.421930000000000305e-02 9.536339999999999704e-04 3.137779999999999736e-02
-4.425180000000000086e-02 9.619690000000000185e-04 3.144399999999999973e-02
-4.428420000000000273e-02 9.703179999999999618e-04 3.151009999999999922e-02
-4.431659999999999766e-02 9.786759999999999383e-04 3.157639999999999753e-02
-4.434889999999999666e-02 9.870479999999999185e-04 3.164270000000000277e-02
-4.438120000000000259e-02 9.954289999999999319e-04 3.170900000000000107e-02
-4.441330000000000278e-02 1.003820000000000103e-03 3.177529999999999938e-02
-4.444540000000000296e-02 1.012225000000000060e-03 3.184180000000000343e-02
-4.447740000000000027e-02 1.020637999999999927e-03 3.190819999999999768e-02
-4.450939999999999758e-02 1.029060999999999951e-03 3.197470000000000173e-02
-4.454120000000000301e-02 1.037493999999999916e-03 3.204130000000000172e-02
-4.457300000000000151e-02 1.045939999999999977e-03 3.210790000000000172e-02
-4.460480000000000000e-02 1.054400999999999949e-03 3.217450000000000171e-02
-4.463639999999999969e-02 1.062865000000000077e-03 3.224119999999999764e-02
-4.466799999999999937e-02 1.071343999999999899e-03 3.230790000000000051e-02
-4.469950000000000312e-02 1.079831999999999971e-03 3.237469999999999931e-02
-4.473089999999999705e-02 1.088334000000000046e-03 3.244149999999999812e-02
-4.476229999999999792e-02 1.096844999999999938e-03 3.250839999999999980e-02
-4.479360000000000286e-02 1.105365999999999987e-03 3.257530000000000148e-02
-4.482479999999999798e-02 1.113899999999999916e-03 3.264229999999999909e-02
-4.485589999999999716e-02 1.122439000000000032e-03 3.270929999999999671e-02
-4.488700000000000329e-02 1.130996999999999905e-03 3.277630000000000127e-02
-4.491799999999999959e-02 1.139559000000000058e-03 3.284340000000000176e-02
-4.494889999999999997e-02 1.148134999999999998e-03 3.291059999999999819e-02
-4.497980000000000034e-02 1.156719999999999970e-03 3.297780000000000156e-02
-4.501059999999999783e-02 1.165313999999999977e-03 3.304499999999999799e-02
-4.504120000000000346e-02 1.173881000000000100e-03 3.311229999999999729e-02
-4.507180000000000214e-02 1.182391999999999992e-03 3.317959999999999660e-02
-4.510220000000000201e-02 1.190918000000000011e-03 3.324690000000000284e-02
-4.513260000000000188e-02 1.199448000000000094e-03 3.331429999999999808e-02
-4.516300000000000175e-02 1.207991999999999963e-03 3.338170000000000026e-02
-4.519320000000000281e-02 1.216550000000000053e-03 3.344919999999999838e-02
-4.522339999999999693e-02 1.225111999999999989e-03 3.351670000000000343e-02
-4.525350000000000206e-02 1.233687999999999929e-03 3.358429999999999749e-02
-4.528349999999999737e-02 1.242272999999999902e-03 3.365189999999999848e-02
-4.531349999999999961e-02 1.250868000000000032e-03 3.371960000000000235e-02
-4.534330000000000305e-02 1.259476000000000042e-03 3.378729999999999928e-02
-4.537309999999999954e-02 1.268089000000000022e-03 3.385500000000000315e-02
-4.540290000000000298e-02 1.276720000000000068e-03 3.392280000000000295e-02
-4.543250000000000066e-02 1.285356000000000085e-03 3.399060000000000276e-02
-4.546209999999999835e-02 1.294000999999999919e-03 3.405849999999999850e-02
-4.549160000000000009e-02 1.302659999999999972e-03 3.412640000000000118e-02
-4.552099999999999896e-02 1.311328000000000060e-03 3.419439999999999980e-02
-4.555039999999999784e-02 1.320009999999999933e-03 3.426239999999999841e-02
-4.557970000000000077e-02 1.328696000000000087e-03 3.433039999999999703e-02
-4.560890000000000083e-02 1.337396000000000027e-03 3.439849999999999852e-02
-4.563799999999999801e-02 1.346105000000000001e-03 3.446660000000000001e-02
-4.566710000000000214e-02 1.354827999999999978e-03 3.453479999999999744e-02
-4.569610000000000338e-02 1.363555000000000019e-03 3.460300000000000181e-02
-4.572500000000000175e-02 1.372296000000000063e-03 3.467130000000000212e-02
-4.575379999999999725e-02 1.381047000000000047e-03 3.473960000000000242e-02
-4.578259999999999968e-02 1.389805999999999941e-03 3.480799999999999866e-02
-4.581129999999999924e-02 1.398574000000000084e-03 3.487629999999999897e-02
-4.583990000000000287e-02 1.407356999999999922e-03 3.494479999999999809e-02
-4.586849999999999955e-02 1.416148000000000103e-03 3.501320000000000127e-02
-4.589689999999999742e-02 1.424949000000000007e-03 3.508180000000000326e-02
-4.592530000000000223e-02 1.433758000000000038e-03 3.515030000000000238e-02
-4.595359999999999723e-02 1.442581000000000072e-03 3.521889999999999743e-02
-4.598189999999999916e-02 1.451409000000000076e-03 3.528760000000000230e-02
-4.601009999999999822e-02 1.460249999999999959e-03 3.535619999999999735e-02
-4.603809999999999847e-02 1.469101000000000001e-03 3.542499999999999816e-02
-4.606620000000000159e-02 1.477959999999999951e-03 3.549370000000000303e-02
-4.609409999999999896e-02 1.486834000000000029e-03 3.556249999999999689e-02
-4.612200000000000327e-02 1.495716000000000016e-03 3.563140000000000057e-02
-4.614979999999999777e-02 1.504602000000000066e-03 3.570029999999999731e-02
-4.617750000000000327e-02 1.513503000000000027e-03 3.576920000000000099e-02
-4.620509999999999895e-02 1.522411999999999897e-03 3.583820000000000061e-02
-4.623270000000000157e-02 1.531334999999999988e-03 3.590720000000000023e-02
-4.626020000000000132e-02 1.540263000000000049e-03 3.597630000000000272e-02
-4.628759999999999819e-02 1.549203999999999989e-03 3.604539999999999828e-02
-4.631480000000000319e-02 1.558062000000000032e-03 3.611450000000000077e-02
-4.634189999999999837e-02 1.566923999999999921e-03 3.618369999999999920e-02
-4.636889999999999762e-02 1.575798999999999906e-03 3.625300000000000050e-02
-4.639589999999999687e-02 1.584679000000000079e-03 3.632219999999999893e-02
-4.642269999999999730e-02 1.593571999999999914e-03 3.639160000000000311e-02
-4.644949999999999773e-02 1.602474999999999906e-03 3.646089999999999748e-02
-4.647629999999999817e-02 1.611386000000000025e-03 3.653030000000000166e-02
-4.650289999999999979e-02 1.620307000000000084e-03 3.659980000000000178e-02
-4.652950000000000141e-02 1.629236000000000052e-03 3.666930000000000189e-02
-4.655600000000000016e-02 1.638179000000000024e-03 3.673880000000000201e-02
-4.658240000000000297e-02 1.647126000000000059e-03 3.680830000000000213e-02
-4.660870000000000291e-02 1.656088000000000005e-03 3.687789999999999818e-02
-4.663500000000000284e-02 1.665058000000000076e-03 3.694759999999999711e-02
-4.666119999999999990e-02 1.674036999999999964e-03 3.701730000000000298e-02
-4.668730000000000102e-02 1.683025000000000103e-03 3.708700000000000191e-02
-4.671329999999999927e-02 1.692022000000000057e-03 3.715670000000000084e-02
-4.673929999999999751e-02 1.701026999999999921e-03 3.722659999999999858e-02
-4.676519999999999982e-02 1.710046999999999913e-03 3.729640000000000039e-02
-4.679099999999999926e-02 1.719070999999999967e-03 3.736629999999999813e-02
-4.681670000000000276e-02 1.728107999999999901e-03 3.743620000000000281e-02
-4.684239999999999932e-02 1.737154999999999993e-03 3.750620000000000342e-02
-4.686799999999999994e-02 1.746209999999999993e-03 3.757619999999999710e-02
-4.689349999999999768e-02 1.755274000000000027e-03 3.764619999999999772e-02
-4.691889999999999949e-02 1.764347000000000094e-03 3.771630000000000121e-02
-4.694419999999999843e-02 1.773428999999999978e-03 3.778639999999999777e-02
-4.696949999999999736e-02 1.782519999999999894e-03 3.785650000000000126e-02
-4.699470000000000036e-02 1.791620000000000061e-03 3.792670000000000069e-02
-4.701980000000000048e-02 1.800734000000000015e-03 3.799700000000000299e-02
-4.704490000000000061e-02 1.809850999999999908e-03 3.806720000000000242e-02
-4.706989999999999785e-02 1.818982999999999928e-03 3.813760000000000067e-02
-4.709470000000000323e-02 1.828123000000000074e-03 3.820790000000000297e-02
-4.711959999999999760e-02 1.837267000000000067e-03 3.827830000000000121e-02
-4.714430000000000009e-02 1.846425000000000063e-03 3.834869999999999945e-02
-4.716900000000000259e-02 1.855592000000000092e-03 3.841920000000000057e-02
-4.719349999999999934e-02 1.864767999999999938e-03 3.848970000000000169e-02
-4.721809999999999896e-02 1.873953000000000034e-03 3.856020000000000281e-02
-4.724249999999999977e-02 1.883146000000000039e-03 3.863079999999999986e-02
-4.726679999999999771e-02 1.892348000000000077e-03 3.870139999999999691e-02
-4.729110000000000258e-02 1.901558999999999932e-03 3.877209999999999684e-02
-4.731529999999999764e-02 1.910779000000000036e-03 3.884279999999999677e-02
-4.733939999999999676e-02 1.920007999999999958e-03 3.891349999999999670e-02
-4.736350000000000282e-02 1.929245999999999912e-03 3.898429999999999951e-02
-4.738740000000000313e-02 1.938498000000000087e-03 3.905510000000000231e-02
-4.741130000000000344e-02 1.947631999999999922e-03 3.912589999999999818e-02
-4.743510000000000087e-02 1.956640999999999849e-03 3.919659999999999811e-02
-4.745869999999999950e-02 1.965657999999999902e-03 3.926740000000000091e-02
-4.748229999999999812e-02 1.974683999999999988e-03 3.933819999999999678e-02
-4.750589999999999674e-02 1.983719000000000107e-03 3.940910000000000246e-02
-4.752929999999999655e-02 1.992762999999999826e-03 3.948000000000000120e-02
-4.755270000000000330e-02 2.001816000000000012e-03 3.955089999999999995e-02
-4.757600000000000023e-02 2.010877999999999798e-03 3.962190000000000156e-02
-4.759920000000000123e-02 2.019948000000000143e-03 3.969290000000000318e-02
-4.762229999999999935e-02 2.029027000000000087e-03 3.976389999999999786e-02
-4.764539999999999748e-02 2.038115000000000065e-03 3.983500000000000235e-02
-4.766839999999999966e-02 2.047212000000000077e-03 3.990609999999999991e-02
-4.769129999999999897e-02 2.056317000000000214e-03 3.997719999999999746e-02
-4.771410000000000234e-02 2.065431999999999858e-03 4.004839999999999789e-02
-4.773680000000000284e-02 2.074555000000000062e-03 4.011970000000000119e-02
-4.775950000000000334e-02 2.083686999999999866e-03 4.019090000000000162e-02
-4.778210000000000096e-02 2.092826999999999795e-03 4.026219999999999799e-02
-4.780460000000000265e-02 2.101977000000000099e-03 4.033350000000000130e-02
-4.782709999999999739e-02 2.111135000000000095e-03 4.040490000000000054e-02
-4.784940000000000027e-02 2.120302000000000124e-03 4.047629999999999978e-02
-4.787170000000000314e-02 2.129478000000000187e-03 4.054780000000000190e-02
-4.789390000000000314e-02 2.138661999999999942e-03 4.061920000000000114e-02
-4.791600000000000026e-02 2.147856000000000071e-03 4.069070000000000326e-02
-4.793809999999999738e-02 2.157052999999999922e-03 4.076230000000000131e-02
-4.796000000000000263e-02 2.166264000000000210e-03 4.083389999999999936e-02
-4.798190000000000094e-02 2.175483000000000191e-03 4.090549999999999742e-02
-4.800370000000000331e-02 2.184712000000000112e-03 4.097710000000000241e-02
-4.802549999999999875e-02 2.193944000000000189e-03 4.104880000000000334e-02
-4.804710000000000231e-02 2.203188999999999929e-03 4.112060000000000021e-02
-4.806869999999999893e-02 2.212444000000000043e-03 4.119230000000000114e-02
-4.809019999999999961e-02 2.221701999999999878e-03 4.126409999999999800e-02
-4.811159999999999742e-02 2.230974000000000151e-03 4.133590000000000181e-02
-4.813300000000000217e-02 2.240250000000000054e-03 4.140780000000000155e-02
-4.815420000000000117e-02 2.249534000000000082e-03 4.147970000000000129e-02
-4.817540000000000017e-02 2.258828000000000051e-03 4.155160000000000103e-02
-4.819650000000000323e-02 2.268135000000000116e-03 4.162359999999999671e-02
-4.821750000000000341e-02 2.277444999999999904e-03 4.169559999999999933e-02
-4.823849999999999666e-02 2.286764000000000158e-03 4.176760000000000195e-02
-4.825940000000000091e-02 2.296087000000000041e-03 4.183970000000000050e-02
-4.828009999999999941e-02 2.305423999999999928e-03 4.191179999999999906e-02
-4.830090000000000078e-02 2.314769999999999849e-03 4.198400000000000049e-02
-4.832150000000000334e-02 2.324123999999999895e-03 4.205609999999999904e-02
-4.834200000000000302e-02 2.333481000000000097e-03 4.212840000000000334e-02
-4.836250000000000271e-02 2.342846999999999898e-03 4.220059999999999784e-02
-4.838289999999999952e-02 2.352187999999999848e-03 4.227279999999999927e-02
-4.840309999999999752e-02 2.361531000000000047e-03 4.234509999999999663e-02
-4.842330000000000245e-02 2.370881000000000030e-03 4.241749999999999687e-02
-4.844339999999999757e-02 2.380237999999999798e-03 4.248980000000000118e-02
-4.846339999999999676e-02 2.389601999999999785e-03 4.256220000000000142e-02
-4.848340000000000288e-02 2.398968999999999928e-03 4.263460000000000166e-02
-4.850320000000000326e-02 2.408346999999999918e-03 4.270709999999999784e-02
-4.852299999999999669e-02 2.417728000000000065e-03 4.277949999999999808e-02
-4.854270000000000113e-02 2.427115000000000088e-03 4.285200000000000120e-02
-4.856230000000000269e-02 2.436509999999999804e-03 4.292460000000000025e-02
-4.858189999999999731e-02 2.445912000000000173e-03 4.299719999999999931e-02
-4.860130000000000006e-02 2.455320999999999892e-03 4.306979999999999836e-02
-4.862070000000000281e-02 2.464733000000000201e-03 4.314239999999999742e-02
-4.864000000000000268e-02 2.474150999999999954e-03 4.321509999999999935e-02
-4.865919999999999968e-02 2.483575999999999926e-03 4.328780000000000128e-02
-4.867830000000000074e-02 2.493009000000000024e-03 4.336050000000000321e-02
-4.869740000000000180e-02 2.502447999999999999e-03 4.343330000000000107e-02
-4.871639999999999998e-02 2.511890000000000130e-03 4.350609999999999894e-02
-4.873519999999999935e-02 2.521338000000000138e-03 4.357889999999999681e-02
-4.875399999999999873e-02 2.530793999999999839e-03 4.365179999999999755e-02
-4.877279999999999810e-02 2.540257000000000192e-03 4.372469999999999829e-02
-4.879139999999999866e-02 2.549726999999999896e-03 4.379759999999999903e-02
-4.880999999999999922e-02 2.559198999999999849e-03 4.387060000000000265e-02
-4.882840000000000097e-02 2.568678000000000020e-03 4.394359999999999933e-02
-4.884680000000000272e-02 2.578163999999999977e-03 4.401660000000000295e-02
-4.886510000000000159e-02 2.587657000000000151e-03 4.408959999999999962e-02
-4.888340000000000046e-02 2.597152000000000141e-03 4.416269999999999918e-02
-4.890150000000000052e-02 2.606653999999999916e-03 4.423579999999999873e-02
-4.891960000000000058e-02 2.616163999999999816e-03 4.430889999999999829e-02
-4.893759999999999777e-02 2.625680000000000028e-03 4.438210000000000072e-02
-4.895549999999999902e-02 2.635198000000000054e-03 4.445530000000000315e-02
-4.897329999999999739e-02 2.644729000000000177e-03 4.452849999999999864e-02
-4.899099999999999983e-02 2.654261000000000207e-03 4.460179999999999700e-02
-4.900870000000000226e-02 2.663795000000000052e-03 4.467510000000000231e-02
-4.902619999999999895e-02 2.673341999999999993e-03 4.474840000000000068e-02
-4.904370000000000257e-02 2.682889999999999841e-03 4.482180000000000192e-02
-4.906110000000000332e-02 2.692445999999999815e-03 4.489510000000000028e-02
-4.907840000000000119e-02 2.702008000000000101e-03 4.496859999999999746e-02
