0.000000000000000000e+00 -2.409999999999999887e-18 -1.369999999999999952e-17
-4.736110000000000298e-05 -4.269999999999999987e-07 -2.870000000000000050e-06
-9.266269999999999629e-05 -2.569999999999999958e-06 -2.169999999999999891e-05
-1.398880000000000132e-04 -7.089999999999999880e-06 -3.779999999999999723e-05
-1.900310000000000107e-04 -2.029999999999999876e-05 -3.589999999999999848e-05
-2.425989999999999993e-04 -2.440000000000000017e-05 -3.619999999999999900e-05
-2.936470000000000161e-04 -2.909999999999999921e-05 -4.080000000000000239e-05
-3.460919999999999925e-04 -3.490000000000000128e-05 -4.410000000000000129e-05
-4.001639999999999993e-04 -4.110000000000000290e-05 -4.319999999999999974e-05
-4.550029999999999938e-04 -4.709999999999999967e-05 -4.259999999999999871e-05
-5.096420000000000377e-04 -5.410000000000000041e-05 -4.270000000000000114e-05
-5.636439999999999723e-04 -6.140000000000000167e-05 -4.139999999999999664e-05
-6.167660000000000373e-04 -6.909999999999999910e-05 -3.880000000000000121e-05
-6.686440000000000309e-04 -7.729999999999999513e-05 -3.619999999999999900e-05
-7.181789999999999962e-04 -8.590000000000000088e-05 -3.380000000000000165e-05
-7.601869999999999504e-04 -9.450000000000000663e-05 -3.100000000000000135e-05
-8.086159999999999572e-04 -1.031590000000000062e-04 -2.739999999999999855e-05
-8.560389999999999536e-04 -1.116529999999999964e-04 -2.339999999999999958e-05
-9.029269999999999831e-04 -1.196550000000000055e-04 -1.889999999999999862e-05
-9.495260000000000158e-04 -1.271239999999999979e-04 -1.390000000000000075e-05
-9.959330000000000613e-04 -1.338789999999999967e-04 -8.300000000000000154e-06
-1.041540000000000087e-03 -1.393119999999999970e-04 -1.790000000000000014e-06
-1.084679999999999976e-03 -1.428439999999999896e-04 6.250000000000000300e-06
-1.120759999999999942e-03 -1.439260000000000040e-04 1.660000000000000031e-05
-1.165229999999999955e-03 -1.457289999999999866e-04 2.529999999999999833e-05
-1.210530000000000026e-03 -1.487260000000000123e-04 3.290000000000000010e-05
-1.256710000000000075e-03 -1.537320000000000114e-04 3.919999999999999738e-05
-1.303630000000000067e-03 -1.601379999999999904e-04 4.459999999999999989e-05
-1.351460000000000074e-03 -1.670970000000000029e-04 4.989999999999999997e-05
-1.400109999999999983e-03 -1.745379999999999881e-04 5.520000000000000004e-05
-1.449219999999999979e-03 -1.821729999999999921e-04 6.090000000000000307e-05
-1.498800000000000002e-03 -1.903879999999999939e-04 6.590000000000000263e-05
-1.549000000000000030e-03 -1.988330000000000121e-04 7.090000000000000219e-05
-1.602490000000000034e-03 -2.072750000000000102e-04 7.640000000000000035e-05
-1.657690000000000075e-03 -2.157940000000000010e-04 8.210000000000000338e-05
-1.715500000000000011e-03 -2.243819999999999940e-04 8.799999999999999771e-05
-1.773290000000000066e-03 -2.327510000000000082e-04 9.399999999999999448e-05
-1.828640000000000083e-03 -2.409409999999999959e-04 1.000759999999999953e-04
-1.879349999999999901e-03 -2.489069999999999803e-04 1.059239999999999975e-04
-1.932349999999999996e-03 -2.564700000000000161e-04 1.122990000000000034e-04
-1.983509999999999961e-03 -2.637970000000000224e-04 1.187429999999999980e-04
-2.034109999999999998e-03 -2.708060000000000089e-04 1.254580000000000040e-04
-2.084209999999999969e-03 -2.776039999999999801e-04 1.323589999999999977e-04
-2.133669999999999838e-03 -2.841659999999999759e-04 1.394760000000000043e-04
-2.182439999999999901e-03 -2.904790000000000085e-04 1.468010000000000061e-04
-2.230590000000000177e-03 -2.963880000000000225e-04 1.544689999999999876e-04
-2.278210000000000131e-03 -3.018550000000000161e-04 1.626040000000000037e-04
-2.325119999999999965e-03 -3.068370000000000168e-04 1.711200000000000015e-04
-2.371110000000000058e-03 -3.111349999999999815e-04 1.801639999999999915e-04
-2.416559999999999889e-03 -3.154079999999999861e-04 1.892019999999999954e-04
-2.461590000000000045e-03 -3.204589999999999891e-04 1.976959999999999991e-04
-2.506509999999999988e-03 -3.262660000000000234e-04 2.058069999999999897e-04
-2.551710000000000002e-03 -3.327429999999999819e-04 2.136270000000000063e-04
-2.597480000000000101e-03 -3.398319999999999813e-04 2.212009999999999985e-04
-2.643949999999999946e-03 -3.472080000000000001e-04 2.286730000000000110e-04
-2.691230000000000185e-03 -3.548140000000000083e-04 2.360720000000000125e-04
-2.739249999999999931e-03 -3.625629999999999912e-04 2.434050000000000048e-04
-2.788010000000000054e-03 -3.703159999999999829e-04 2.507780000000000035e-04
-2.837280000000000184e-03 -3.778580000000000133e-04 2.583029999999999831e-04
-2.886999999999999809e-03 -3.851780000000000178e-04 2.658699999999999735e-04
-2.937219999999999935e-03 -3.921220000000000109e-04 2.735769999999999999e-04
-2.987899999999999931e-03 -3.985810000000000112e-04 2.815510000000000018e-04
-3.038910000000000135e-03 -4.046219999999999895e-04 2.897530000000000158e-04
-3.090260000000000055e-03 -4.102789999999999931e-04 2.982009999999999999e-04
-3.142240000000000137e-03 -4.154720000000000093e-04 3.070279999999999884e-04
-3.194370000000000195e-03 -4.205470000000000107e-04 3.159910000000000041e-04
-3.245699999999999801e-03 -4.260050000000000251e-04 3.247270000000000234e-04
-3.295849999999999908e-03 -4.317929999999999772e-04 3.333440000000000123e-04
-3.345480000000000068e-03 -4.377380000000000160e-04 3.419529999999999835e-04
-3.394589999999999847e-03 -4.438140000000000032e-04 3.505839999999999759e-04
-3.443190000000000053e-03 -4.499859999999999841e-04 3.592439999999999913e-04
-3.491160000000000097e-03 -4.561559999999999877e-04 3.679889999999999897e-04
-3.538400000000000139e-03 -4.623340000000000088e-04 3.767740000000000217e-04
-3.585099999999999919e-03 -4.685110000000000142e-04 3.856120000000000207e-04
-3.631450000000000043e-03 -4.747369999999999780e-04 3.944800000000000043e-04
-3.677650000000000190e-03 -4.811419999999999955e-04 4.032940000000000049e-04
-3.723979999999999999e-03 -4.876239999999999785e-04 4.121039999999999968e-04
-3.770630000000000075e-03 -4.940809999999999473e-04 4.209549999999999837e-04
-3.817720000000000141e-03 -5.006150000000000443e-04 4.297799999999999949e-04
-3.865159999999999863e-03 -5.072450000000000266e-04 4.385689999999999814e-04
-3.913039999999999574e-03 -5.138229999999999490e-04 4.474020000000000102e-04
-3.961390000000000397e-03 -5.200600000000000318e-04 4.564489999999999932e-04
-4.010190000000000282e-03 -5.260329999999999694e-04 4.656619999999999878e-04
-4.059450000000000038e-03 -5.319809999999999470e-04 4.748910000000000175e-04
-4.109090000000000138e-03 -5.377459999999999705e-04 4.842289999999999746e-04
-4.158919999999999978e-03 -5.430590000000000330e-04 4.938279999999999753e-04
-4.208970000000000246e-03 -5.481449999999999908e-04 5.035620000000000417e-04
-4.259040000000000395e-03 -5.533810000000000335e-04 5.132160000000000411e-04
-4.309109999999999677e-03 -5.585749999999999570e-04 5.229120000000000512e-04
-4.358950000000000324e-03 -5.636530000000000056e-04 5.327209999999999975e-04
-4.408519999999999973e-03 -5.686670000000000223e-04 5.426120000000000422e-04
-4.457720000000000085e-03 -5.736530000000000318e-04 5.525690000000000419e-04
-4.506470000000000267e-03 -5.787159999999999527e-04 5.625299999999999962e-04
-4.554810000000000282e-03 -5.839559999999999499e-04 5.724309999999999815e-04
-4.602730000000000189e-03 -5.893769999999999782e-04 5.822719999999999979e-04
-4.650289999999999632e-03 -5.949689999999999883e-04 5.920679999999999563e-04
-4.697609999999999633e-03 -6.009570000000000536e-04 6.017099999999999836e-04
-4.744729999999999955e-03 -6.072020000000000455e-04 6.112889999999999947e-04
-4.791740000000000062e-03 -6.134709999999999816e-04 6.209460000000000413e-04
-4.838770000000000050e-03 -6.194269999999999768e-04 6.307930000000000438e-04
-4.885930000000000134e-03 -6.248529999999999753e-04 6.409229999999999485e-04
-4.933489999999999577e-03 -6.309910000000000171e-04 6.507039999999999959e-04
-4.981479999999999936e-03 -6.374990000000000301e-04 6.603390000000000214e-04
-5.029800000000000069e-03 -6.430369999999999489e-04 6.705020000000000121e-04
-5.078649999999999658e-03 -6.491669999999999732e-04 6.802769999999999651e-04
-5.127839999999999829e-03 -6.547260000000000059e-04 6.903960000000000218e-04
-5.177280000000000250e-03 -6.597740000000000158e-04 7.008210000000000177e-04
-5.226899999999999602e-03 -6.643660000000000017e-04 7.115129999999999892e-04
-5.276600000000000214e-03 -6.684800000000000507e-04 7.225019999999999750e-04
-5.326230000000000374e-03 -6.722829999999999735e-04 7.336849999999999795e-04
-5.375600000000000343e-03 -6.762930000000000113e-04 7.447839999999999626e-04
-5.424720000000000063e-03 -6.805249999999999667e-04 7.560429999999999711e-04
-5.473579999999999592e-03 -6.849869999999999657e-04 7.671289999999999663e-04
-5.522110000000000213e-03 -6.896549999999999556e-04 7.780620000000000461e-04
-5.570420000000000406e-03 -6.945010000000000376e-04 7.899880000000000400e-04
-5.618429999999999779e-03 -6.991750000000000135e-04 8.037940000000000362e-04
-5.666039999999999792e-03 -7.046689999999999985e-04 8.150199999999999589e-04
-5.713420000000000304e-03 -7.105959999999999707e-04 8.253019999999999801e-04
-5.760770000000000127e-03 -7.168170000000000184e-04 8.353640000000000067e-04
-5.808230000000000164e-03 -7.228070000000000068e-04 8.456270000000000540e-04
-5.855800000000000415e-03 -7.286039999999999921e-04 8.560469999999999711e-04
-5.903600000000000167e-03 -7.341109999999999650e-04 8.666659999999999859e-04
-5.951620000000000348e-03 -7.393379999999999744e-04 8.774740000000000491e-04
-5.999799999999999578e-03 -7.443709999999999650e-04 8.884259999999999944e-04
-6.048150000000000401e-03 -7.491950000000000259e-04 8.995299999999999477e-04
-6.096670000000000214e-03 -7.538199999999999892e-04 9.107819999999999545e-04
-6.145359999999999885e-03 -7.582409999999999931e-04 9.221840000000000462e-04
-6.194159999999999770e-03 -7.625089999999999733e-04 9.337129999999999692e-04
-6.243030000000000107e-03 -7.666539999999999683e-04 9.453530000000000136e-04
-6.291920000000000325e-03 -7.707820000000000209e-04 9.570369999999999919e-04
-6.340779999999999854e-03 -7.750129999999999606e-04 9.686939999999999787e-04
-6.389490000000000273e-03 -7.793739999999999956e-04 9.803509999999999655e-04
-6.438039999999999909e-03 -7.838530000000000454e-04 9.920120000000000153e-04
-6.486389999999999864e-03 -7.884189999999999471e-04 1.003720000000000046e-03
-6.534530000000000199e-03 -7.929950000000000063e-04 1.015569999999999928e-03
-6.582570000000000261e-03 -7.979540000000000244e-04 1.027190000000000091e-03
-6.630539999999999871e-03 -8.033069999999999577e-04 1.038520000000000025e-03
-6.678329999999999683e-03 -8.086890000000000224e-04 1.049889999999999938e-03
-6.725990000000000267e-03 -8.138839999999999616e-04 1.061459999999999964e-03
-6.773620000000000162e-03 -8.189249999999999698e-04 1.073179999999999967e-03
-6.821299999999999759e-03 -8.237869999999999785e-04 1.085030000000000066e-03
-6.869069999999999690e-03 -8.285109999999999827e-04 1.096980000000000004e-03
-6.916920000000000013e-03 -8.331159999999999564e-04 1.109039999999999939e-03
-6.964879999999999682e-03 -8.375960000000000219e-04 1.121210000000000089e-03
-7.012909999999999804e-03 -8.419910000000000502e-04 1.133480000000000078e-03
-7.061030000000000258e-03 -8.463049999999999956e-04 1.145839999999999966e-03
-7.109240000000000177e-03 -8.505509999999999547e-04 1.158289999999999971e-03
-7.157509999999999740e-03 -8.547739999999999852e-04 1.170789999999999895e-03
-7.205849999999999755e-03 -8.589659999999999613e-04 1.183369999999999995e-03
-7.254230000000000400e-03 -8.631549999999999986e-04 1.195990000000000074e-03
-7.302590000000000296e-03 -8.673920000000000328e-04 1.208639999999999975e-03
-7.350980000000000014e-03 -8.716449999999999936e-04 1.221330000000000072e-03
-7.399310000000000088e-03 -8.759380000000000421e-04 1.234040000000000050e-03
-7.447569999999999711e-03 -8.802830000000000420e-04 1.246759999999999969e-03
-7.495779999999999631e-03 -8.846670000000000054e-04 1.259520000000000084e-03
-7.543880000000000204e-03 -8.890630000000000494e-04 1.272300000000000080e-03
-7.591889999999999576e-03 -8.934779999999999589e-04 1.285109999999999898e-03
-7.639820000000000291e-03 -8.979110000000000433e-04 1.297959999999999912e-03
-7.687659999999999806e-03 -9.023110000000000418e-04 1.310860000000000063e-03
-7.735419999999999796e-03 -9.067030000000000228e-04 1.323799999999999977e-03
-7.783120000000000142e-03 -9.110770000000000457e-04 1.336780000000000086e-03
-7.830790000000000667e-03 -9.154049999999999947e-04 1.349839999999999937e-03
-7.878430000000000502e-03 -9.197050000000000450e-04 1.362949999999999925e-03
-7.926070000000000337e-03 -9.239619999999999604e-04 1.376119999999999991e-03
-7.973749999999999935e-03 -9.281680000000000486e-04 1.389370000000000015e-03
-8.021429999999999533e-03 -9.323310000000000018e-04 1.402690000000000057e-03
-8.069279999999999856e-03 -9.364370000000000333e-04 1.416099999999999998e-03
-8.117160000000000000e-03 -9.405239999999999824e-04 1.429570000000000016e-03
-8.165030000000000204e-03 -9.446009999999999910e-04 1.443089999999999954e-03
-8.212999999999999814e-03 -9.486600000000000414e-04 1.456669999999999970e-03
-8.260949999999999543e-03 -9.527080000000000271e-04 1.470310000000000063e-03
-8.308899999999999272e-03 -9.567500000000000266e-04 1.483989999999999919e-03
-8.356850000000000736e-03 -9.607850000000000244e-04 1.497709999999999970e-03
-8.404770000000000643e-03 -9.648130000000000204e-04 1.511490000000000099e-03
-8.452589999999999409e-03 -9.688449999999999710e-04 1.525300000000000050e-03
-8.500399999999999970e-03 -9.728649999999999494e-04 1.539159999999999921e-03
-8.548200000000000590e-03 -9.768750000000000957e-04 1.553069999999999928e-03
-8.595989999999999534e-03 -9.808740000000000687e-04 1.567030000000000072e-03
-8.643740000000000451e-03 -9.848619999999999770e-04 1.581039999999999919e-03
-8.691439999999999930e-03 -9.888399999999999447e-04 1.595089999999999963e-03
-8.739129999999999468e-03 -9.928079999999999718e-04 1.609189999999999926e-03
-8.786810000000000800e-03 -9.967640000000000267e-04 1.623340000000000026e-03
-8.834470000000000517e-03 -1.000690000000000043e-03 1.637559999999999927e-03
-8.882090000000000471e-03 -1.004590000000000084e-03 1.651839999999999906e-03
-8.929700000000000484e-03 -1.008470000000000026e-03 1.666179999999999961e-03
-8.977300000000000557e-03 -1.012340000000000028e-03 1.680559999999999997e-03
-9.024880000000000749e-03 -1.016170000000000051e-03 1.695019999999999990e-03
-9.072419999999999443e-03 -1.019949999999999937e-03 1.709589999999999981e-03
-9.119959999999999872e-03 -1.023720000000000099e-03 1.724199999999999951e-03
-9.167480000000000420e-03 -1.027469999999999946e-03 1.738860000000000058e-03
-9.214989999999999293e-03 -1.031220000000000010e-03 1.753570000000000085e-03
-9.262489999999999959e-03 -1.034949999999999976e-03 1.768320000000000091e-03
-9.309980000000000686e-03 -1.038679999999999942e-03 1.783129999999999958e-03
-9.357459999999999736e-03 -1.042390000000000027e-03 1.797980000000000021e-03
-9.404910000000000700e-03 -1.046059999999999915e-03 1.812910000000000042e-03
-9.452320000000000166e-03 -1.049680000000000101e-03 1.827939999999999903e-03
-9.499729999999999633e-03 -1.053289999999999912e-03 1.843019999999999901e-03
-9.547119999999999218e-03 -1.056880000000000059e-03 1.858140000000000095e-03
-9.594500000000000597e-03 -1.060469999999999989e-03 1.873319999999999933e-03
-9.641870000000000301e-03 -1.064049999999999978e-03 1.888539999999999967e-03
-9.689220000000000124e-03 -1.067610000000000087e-03 1.903809999999999921e-03
-9.736560000000000006e-03 -1.071160000000000037e-03 1.919130000000000011e-03
-9.783860000000000126e-03 -1.074639999999999970e-03 1.934549999999999942e-03
-9.831100000000000602e-03 -1.078009999999999906e-03 1.950130000000000006e-03
-9.878319999999999462e-03 -1.081359999999999960e-03 1.965759999999999990e-03
-9.925540000000000057e-03 -1.084700000000000074e-03 1.981430000000000170e-03
-9.972730000000000830e-03 -1.088020000000000089e-03 1.997150000000000054e-03
-1.001989999999999999e-02 -1.091340000000000105e-03 2.012920000000000074e-03
-1.006710000000000070e-02 -1.094649999999999963e-03 2.028739999999999797e-03
-1.011420000000000027e-02 -1.097939999999999940e-03 2.044600000000000150e-03
-1.016139999999999925e-02 -1.101229999999999917e-03 2.060520000000000147e-03
-1.020850000000000056e-02 -1.104500000000000013e-03 2.076479999999999906e-03
-1.025560000000000013e-02 -1.107759999999999951e-03 2.092479999999999861e-03
-1.030280000000000085e-02 -1.111009999999999949e-03 2.108539999999999894e-03
-1.034979999999999928e-02 -1.114250000000000006e-03 2.124640000000000122e-03
-1.039690000000000059e-02 -1.117479999999999906e-03 2.140790000000000054e-03
-1.044400000000000016e-02 -1.120700000000000082e-03 2.156980000000000182e-03
-1.049100000000000033e-02 -1.123910000000000100e-03 2.173229999999999953e-03
-1.053809999999999990e-02 -1.127050000000000100e-03 2.189579999999999999e-03
-1.058500000000000066e-02 -1.130039999999999907e-03 2.206130000000000157e-03
-1.063189999999999968e-02 -1.133019999999999991e-03 2.222730000000000018e-03
-1.067880000000000044e-02 -1.135989999999999917e-03 2.239370000000000076e-03
-1.072569999999999947e-02 -1.138939999999999961e-03 2.256059999999999836e-03
-1.077260000000000023e-02 -1.141890000000000006e-03 2.272800000000000167e-03
-1.081939999999999985e-02 -1.144819999999999952e-03 2.289590000000000201e-03
-1.086630000000000061e-02 -1.147749999999999899e-03 2.306419999999999998e-03
-1.091310000000000023e-02 -1.150659999999999964e-03 2.323299999999999931e-03
-1.095989999999999985e-02 -1.153560000000000089e-03 2.340230000000000001e-03
-1.100669999999999947e-02 -1.156450000000000056e-03 2.357199999999999834e-03
-1.105350000000000082e-02 -1.159330000000000083e-03 2.374219999999999803e-03
-1.110030000000000044e-02 -1.162199999999999952e-03 2.391289999999999909e-03
-1.114700000000000066e-02 -1.165060000000000097e-03 2.408410000000000151e-03
-1.119380000000000028e-02 -1.167910000000000085e-03 2.425570000000000156e-03
-1.124050000000000049e-02 -1.170739999999999975e-03 2.442779999999999865e-03
-1.128720000000000070e-02 -1.173530000000000103e-03 2.460099999999999787e-03
-1.133379999999999978e-02 -1.176139999999999998e-03 2.477689999999999840e-03
-1.138029999999999944e-02 -1.178739999999999953e-03 2.495330000000000031e-03
-1.142680000000000085e-02 -1.181329999999999967e-03 2.513019999999999924e-03
-1.147339999999999992e-02 -1.183910000000000040e-03 2.530750000000000013e-03
-1.151989999999999958e-02 -1.186479999999999957e-03 2.548529999999999806e-03
-1.156629999999999985e-02 -1.189029999999999991e-03 2.566349999999999795e-03
-1.161279999999999951e-02 -1.191580000000000026e-03 2.584219999999999920e-03
-1.165929999999999918e-02 -1.194109999999999963e-03 2.602140000000000182e-03
-1.170569999999999944e-02 -1.196639999999999900e-03 2.620110000000000147e-03
-1.175209999999999970e-02 -1.199149999999999956e-03 2.638119999999999875e-03
-1.179849999999999996e-02 -1.201650000000000071e-03 2.656180000000000173e-03
-1.184490000000000022e-02 -1.204140000000000028e-03 2.674290000000000174e-03
-1.189130000000000048e-02 -1.206620000000000045e-03 2.692439999999999937e-03
-1.193770000000000074e-02 -1.209089999999999904e-03 2.710639999999999838e-03
-1.198399999999999986e-02 -1.211550000000000040e-03 2.728889999999999875e-03
-1.203040000000000012e-02 -1.214000000000000018e-03 2.747180000000000108e-03
-1.207669999999999924e-02 -1.216440000000000056e-03 2.765520000000000044e-03
-1.212300000000000010e-02 -1.218859999999999996e-03 2.783910000000000117e-03
-1.216929999999999922e-02 -1.221279999999999935e-03 2.802339999999999953e-03
-1.221550000000000066e-02 -1.223679999999999993e-03 2.820819999999999925e-03
-1.226179999999999978e-02 -1.226080000000000052e-03 2.839350000000000034e-03
-1.230799999999999950e-02 -1.228460000000000012e-03 2.857919999999999905e-03
-1.235430000000000035e-02 -1.230830000000000032e-03 2.876539999999999913e-03
-1.240050000000000006e-02 -1.233189999999999894e-03 2.895210000000000058e-03
-1.244660000000000037e-02 -1.235540000000000032e-03 2.913919999999999965e-03
-1.249280000000000009e-02 -1.237880000000000013e-03 2.932680000000000009e-03
-1.253899999999999980e-02 -1.240210000000000054e-03 2.951490000000000190e-03
-1.258510000000000011e-02 -1.242529999999999937e-03 2.970340000000000133e-03
-1.263129999999999982e-02 -1.244829999999999938e-03 2.989240000000000213e-03
-1.267740000000000013e-02 -1.247129999999999940e-03 3.008189999999999996e-03
-1.272350000000000043e-02 -1.249410000000000060e-03 3.027179999999999975e-03
-1.276949999999999960e-02 -1.251680000000000023e-03 3.046230000000000031e-03
-1.281550000000000050e-02 -1.253879999999999969e-03 3.065480000000000201e-03
-1.286140000000000026e-02 -1.256069999999999973e-03 3.084770000000000133e-03
-1.290730000000000002e-02 -1.258250000000000037e-03 3.104110000000000202e-03
-1.295319999999999978e-02 -1.260419999999999943e-03 3.123490000000000034e-03
-1.299909999999999954e-02 -1.262569999999999968e-03 3.142920000000000002e-03
-1.304499999999999930e-02 -1.264719999999999994e-03 3.162400000000000107e-03
-1.309090000000000080e-02 -1.266849999999999921e-03 3.181919999999999974e-03
-1.313669999999999942e-02 -1.268980000000000065e-03 3.201489999999999978e-03
-1.318249999999999977e-02 -1.271089999999999894e-03 3.221100000000000178e-03
-1.322830000000000013e-02 -1.273189999999999999e-03 3.240770000000000022e-03
-1.327410000000000048e-02 -1.275279999999999947e-03 3.260470000000000122e-03
-1.331990000000000084e-02 -1.277359999999999954e-03 3.280229999999999865e-03
-1.336560000000000005e-02 -1.279430000000000020e-03 3.300029999999999804e-03
-1.341140000000000040e-02 -1.281489999999999930e-03 3.319869999999999939e-03
-1.345709999999999962e-02 -1.283539999999999898e-03 3.339770000000000152e-03
-1.350280000000000057e-02 -1.285579999999999926e-03 3.359710000000000127e-03
-1.354849999999999978e-02 -1.287600000000000073e-03 3.379689999999999864e-03
-1.359420000000000073e-02 -1.289620000000000002e-03 3.399720000000000172e-03
-1.363980000000000053e-02 -1.291620000000000051e-03 3.419800000000000183e-03
-1.368540000000000034e-02 -1.293620000000000100e-03 3.439919999999999957e-03
-1.373109999999999956e-02 -1.295600000000000050e-03 3.460089999999999867e-03
-1.377669999999999936e-02 -1.297570000000000060e-03 3.480309999999999914e-03
-1.382219999999999976e-02 -1.299540000000000070e-03 3.500570000000000157e-03
-1.386779999999999957e-02 -1.301489999999999982e-03 3.520880000000000103e-03
-1.391339999999999938e-02 -1.303429999999999953e-03 3.541229999999999812e-03
-1.395889999999999978e-02 -1.305359999999999984e-03 3.561630000000000091e-03
-1.400440000000000018e-02 -1.307280000000000074e-03 3.582080000000000073e-03
-1.404990000000000058e-02 -1.309180000000000066e-03 3.602569999999999818e-03
-1.409539999999999925e-02 -1.311080000000000058e-03 3.623110000000000133e-03
-1.414080000000000024e-02 -1.312969999999999892e-03 3.643690000000000210e-03
-1.418630000000000065e-02 -1.314840000000000063e-03 3.664319999999999990e-03
-1.423169999999999991e-02 -1.316710000000000016e-03 3.684989999999999967e-03
-1.427699999999999976e-02 -1.318570000000000028e-03 3.705799999999999979e-03
-1.432229999999999961e-02 -1.320430000000000041e-03 3.726660000000000129e-03
-1.436759999999999947e-02 -1.322269999999999956e-03 3.747560000000000040e-03
-1.441289999999999932e-02 -1.324099999999999930e-03 3.768510000000000089e-03
-1.445819999999999918e-02 -1.325919999999999963e-03 3.789509999999999840e-03
-1.450339999999999963e-02 -1.327730000000000056e-03 3.810549999999999788e-03
-1.454860000000000007e-02 -1.329529999999999991e-03 3.831629999999999932e-03
-1.459380000000000052e-02 -1.331319999999999986e-03 3.852770000000000153e-03
-1.463899999999999924e-02 -1.333100000000000040e-03 3.873940000000000196e-03
-1.468410000000000028e-02 -1.334869999999999937e-03 3.895169999999999882e-03
-1.472930000000000073e-02 -1.336629999999999893e-03 3.916440000000000199e-03
-1.477440000000000003e-02 -1.338369999999999968e-03 3.937750000000000278e-03
-1.481949999999999934e-02 -1.340110000000000042e-03 3.959110000000000060e-03
-1.486460000000000038e-02 -1.341839999999999960e-03 3.980520000000000412e-03
-1.490969999999999969e-02 -1.343549999999999996e-03 4.001969999999999660e-03
-1.495469999999999959e-02 -1.345250000000000092e-03 4.023470000000000345e-03
-1.499980000000000063e-02 -1.346949999999999970e-03 4.045009999999999925e-03
-1.504480000000000053e-02 -1.348629999999999968e-03 4.066600000000000076e-03
-1.508980000000000044e-02 -1.350300000000000025e-03 4.088239999999999930e-03
-1.513480000000000034e-02 -1.351959999999999924e-03 4.109920000000000413e-03
-1.517970000000000083e-02 -1.353610000000000100e-03 4.131639999999999792e-03
-1.522470000000000073e-02 -1.355249999999999901e-03 4.153409999999999741e-03
-1.526959999999999949e-02 -1.356879999999999978e-03 4.175230000000000261e-03
-1.531449999999999999e-02 -1.358499999999999899e-03 4.197089999999999675e-03
-1.535940000000000048e-02 -1.360110000000000095e-03 4.218999999999999660e-03
-1.540419999999999984e-02 -1.361709999999999917e-03 4.240950000000000275e-03
-1.544910000000000033e-02 -1.363290000000000075e-03 4.262949999999999726e-03
-1.549389999999999969e-02 -1.364870000000000015e-03 4.284989999999999806e-03
-1.553870000000000078e-02 -1.366430000000000075e-03 4.307079999999999589e-03
-1.558350000000000013e-02 -1.367989999999999918e-03 4.329219999999999943e-03
-1.562830000000000122e-02 -1.369530000000000096e-03 4.351400000000000060e-03
-1.567299999999999943e-02 -1.371070000000000058e-03 4.373619999999999938e-03
-1.571770000000000111e-02 -1.372380000000000084e-03 4.396109999999999948e-03
-1.576229999999999992e-02 -1.373639999999999974e-03 4.418690000000000291e-03
-1.580700000000000160e-02 -1.374889999999999923e-03 4.441310000000000396e-03
-1.585160000000000041e-02 -1.376119999999999991e-03 4.463980000000000205e-03
-1.589609999999999981e-02 -1.377350000000000059e-03 4.486699999999999716e-03
-1.594069999999999862e-02 -1.378569999999999969e-03 4.509459999999999857e-03
-1.598520000000000149e-02 -1.379769999999999998e-03 4.532269999999999702e-03
-1.602980000000000030e-02 -1.380970000000000027e-03 4.555120000000000176e-03
-1.607429999999999970e-02 -1.382149999999999958e-03 4.578020000000000353e-03
-1.611869999999999969e-02 -1.383319999999999949e-03 4.600960000000000293e-03
-1.616319999999999910e-02 -1.384479999999999999e-03 4.623939999999999995e-03
-1.620759999999999909e-02 -1.385640000000000049e-03 4.646980000000000208e-03
-1.625209999999999849e-02 -1.386780000000000001e-03 4.670050000000000243e-03
-1.629649999999999849e-02 -1.387910000000000012e-03 4.693179999999999921e-03
-1.634079999999999908e-02 -1.389030000000000082e-03 4.716340000000000289e-03
-1.638519999999999907e-02 -1.390139999999999995e-03 4.739550000000000360e-03
-1.642949999999999966e-02 -1.391239999999999968e-03 4.762810000000000134e-03
-1.647389999999999965e-02 -1.392330000000000000e-03 4.786109999999999670e-03
-1.651820000000000024e-02 -1.393399999999999934e-03 4.809459999999999777e-03
-1.656250000000000083e-02 -1.394470000000000084e-03 4.832849999999999646e-03
-1.660669999999999855e-02 -1.395530000000000078e-03 4.856290000000000086e-03
-1.665099999999999913e-02 -1.396569999999999973e-03 4.879770000000000288e-03
-1.669520000000000032e-02 -1.397610000000000085e-03 4.903300000000000193e-03
-1.673940000000000150e-02 -1.398630000000000099e-03 4.926869999999999861e-03
-1.678359999999999921e-02 -1.399649999999999896e-03 4.950490000000000099e-03
-1.682770000000000099e-02 -1.400650000000000029e-03 4.974150000000000099e-03
-1.687189999999999870e-02 -1.401649999999999945e-03 4.997859999999999803e-03
-1.691600000000000048e-02 -1.402629999999999979e-03 5.021610000000000136e-03
-1.696009999999999879e-02 -1.403600000000000073e-03 5.045400000000000232e-03
-1.700420000000000056e-02 -1.404560000000000010e-03 5.069240000000000031e-03
-1.704819999999999947e-02 -1.405510000000000006e-03 5.093130000000000400e-03
-1.709230000000000124e-02 -1.406450000000000061e-03 5.117059999999999664e-03
-1.713620000000000074e-02 -1.407199999999999944e-03 5.141200000000000284e-03
-1.718010000000000023e-02 -1.407849999999999987e-03 5.165470000000000131e-03
-1.722399999999999973e-02 -1.408490000000000089e-03 5.189779999999999741e-03
-1.726789999999999922e-02 -1.409120000000000034e-03 5.214139999999999921e-03
-1.731169999999999931e-02 -1.409740000000000038e-03 5.238539999999999863e-03
-1.735549999999999940e-02 -1.410350000000000102e-03 5.262990000000000376e-03
-1.739929999999999949e-02 -1.410950000000000008e-03 5.287479999999999784e-03
-1.744309999999999958e-02 -1.411539999999999974e-03 5.312009999999999822e-03
-1.748689999999999967e-02 -1.412110000000000058e-03 5.336590000000000431e-03
-1.753060000000000035e-02 -1.412679999999999925e-03 5.361219999999999875e-03
-1.757430000000000103e-02 -1.413240000000000069e-03 5.385889999999999948e-03
-1.761800000000000171e-02 -1.413779999999999898e-03 5.410599999999999785e-03
-1.766169999999999893e-02 -1.414319999999999944e-03 5.435360000000000191e-03
-1.770530000000000020e-02 -1.414840000000000108e-03 5.460160000000000360e-03
-1.774900000000000089e-02 -1.415360000000000056e-03 5.485010000000000233e-03
-1.779259999999999869e-02 -1.415859999999999905e-03 5.509899999999999867e-03
-1.783610000000000056e-02 -1.416359999999999971e-03 5.534830000000000132e-03
-1.787969999999999837e-02 -1.416839999999999940e-03 5.559810000000000099e-03
-1.792329999999999965e-02 -1.417309999999999967e-03 5.584839999999999770e-03
-1.796680000000000152e-02 -1.417770000000000055e-03 5.609900000000000130e-03
-1.801029999999999992e-02 -1.418219999999999984e-03 5.635020000000000133e-03
-1.805379999999999832e-02 -1.418669999999999914e-03 5.660169999999999958e-03
-1.809720000000000079e-02 -1.419099999999999962e-03 5.685380000000000295e-03
-1.814059999999999978e-02 -1.419520000000000070e-03 5.710619999999999585e-03
-1.818410000000000165e-02 -1.419930000000000020e-03 5.735910000000000314e-03
-1.822740000000000124e-02 -1.420330000000000030e-03 5.761239999999999938e-03
-1.827080000000000023e-02 -1.420720000000000099e-03 5.786620000000000132e-03
-1.831419999999999923e-02 -1.421090000000000070e-03 5.812040000000000088e-03
-1.835749999999999882e-02 -1.421460000000000041e-03 5.837509999999999748e-03
-1.840079999999999841e-02 -1.421820000000000072e-03 5.863020000000000037e-03
-1.844410000000000147e-02 -1.422169999999999945e-03 5.888580000000000030e-03
-1.848730000000000165e-02 -1.422499999999999936e-03 5.914169999999999844e-03
-1.853049999999999836e-02 -1.422749999999999970e-03 5.939889999999999753e-03
-1.857369999999999854e-02 -1.422929999999999985e-03 5.965719999999999877e-03
-1.861689999999999873e-02 -1.423089999999999902e-03 5.991589999999999763e-03
-1.865999999999999950e-02 -1.423250000000000036e-03 6.017500000000000279e-03
-1.870310000000000028e-02 -1.423400000000000012e-03 6.043459999999999631e-03
-1.874620000000000106e-02 -1.423530000000000108e-03 6.069459999999999612e-03
-1.878919999999999896e-02 -1.423650000000000046e-03 6.095500000000000224e-03
-1.883220000000000033e-02 -1.423769999999999984e-03 6.121589999999999671e-03
-1.887530000000000110e-02 -1.423870000000000040e-03 6.147719999999999747e-03
-1.891819999999999960e-02 -1.423959999999999939e-03 6.173900000000000395e-03
-1.896120000000000097e-02 -1.424050000000000055e-03 6.200119999999999937e-03
-1.900409999999999947e-02 -1.424120000000000073e-03 6.226380000000000109e-03
-1.904710000000000084e-02 -1.424179999999999934e-03 6.252689999999999984e-03
-1.908999999999999933e-02 -1.424230000000000071e-03 6.279039999999999622e-03
-1.913279999999999842e-02 -1.424270000000000050e-03 6.305439999999999830e-03
-1.917570000000000038e-02 -1.424300000000000089e-03 6.331879999999999800e-03
-1.921849999999999947e-02 -1.424319999999999970e-03 6.358360000000000400e-03
-1.926129999999999856e-02 -1.424329999999999910e-03 6.384879999999999896e-03
-1.930410000000000112e-02 -1.424329999999999910e-03 6.411449999999999962e-03
-1.934690000000000021e-02 -1.424319999999999970e-03 6.438069999999999730e-03
-1.938959999999999989e-02 -1.424300000000000089e-03 6.464720000000000188e-03
-1.943229999999999957e-02 -1.424270000000000050e-03 6.491430000000000290e-03
-1.947499999999999926e-02 -1.424230000000000071e-03 6.518170000000000214e-03
-1.951769999999999894e-02 -1.424179999999999934e-03 6.544959999999999840e-03
-1.956029999999999922e-02 -1.424109999999999916e-03 6.571790000000000097e-03
-1.960289999999999949e-02 -1.424039999999999898e-03 6.598660000000000116e-03
-1.964549999999999977e-02 -1.423959999999999939e-03 6.625579999999999838e-03
-1.968810000000000004e-02 -1.423860000000000100e-03 6.652550000000000130e-03
-1.973060000000000092e-02 -1.423760000000000043e-03 6.679550000000000244e-03
-1.977320000000000119e-02 -1.423650000000000046e-03 6.706600000000000061e-03
-1.981569999999999859e-02 -1.423519999999999950e-03 6.733689999999999641e-03
-1.985810000000000006e-02 -1.423390000000000072e-03 6.760829999999999791e-03
-1.990060000000000093e-02 -1.423140000000000039e-03 6.788129999999999858e-03
-1.994299999999999892e-02 -1.422730000000000088e-03 6.815629999999999605e-03
-1.998530000000000098e-02 -1.422309999999999981e-03 6.843189999999999863e-03
-2.002759999999999957e-02 -1.421879999999999932e-03 6.870779999999999943e-03
-2.007000000000000103e-02 -1.421439999999999943e-03 6.898419999999999726e-03
-2.011220000000000022e-02 -1.420990000000000014e-03 6.926100000000000138e-03
-2.015449999999999880e-02 -1.420529999999999926e-03 6.953830000000000254e-03
-2.019670000000000146e-02 -1.420049999999999958e-03 6.981590000000000192e-03
-2.023890000000000064e-02 -1.419569999999999990e-03 7.009399999999999832e-03
-2.028109999999999982e-02 -1.419080000000000081e-03 7.037260000000000043e-03
-2.032329999999999900e-02 -1.418580000000000015e-03 7.065160000000000017e-03
-2.036539999999999878e-02 -1.418070000000000008e-03 7.093099999999999752e-03
-2.040749999999999856e-02 -1.417539999999999903e-03 7.121080000000000118e-03
-2.044959999999999833e-02 -1.417010000000000014e-03 7.149110000000000187e-03
-2.049170000000000158e-02 -1.416469999999999969e-03 7.177180000000000018e-03
-2.053369999999999848e-02 -1.415910000000000042e-03 7.205289999999999612e-03
-2.057580000000000173e-02 -1.415349999999999898e-03 7.233439999999999835e-03
-2.061769999999999922e-02 -1.414780000000000031e-03 7.261639999999999762e-03
-2.065969999999999959e-02 -1.414190000000000065e-03 7.289890000000000259e-03
-2.070169999999999996e-02 -1.413600000000000100e-03 7.318169999999999710e-03
-2.074360000000000093e-02 -1.412990000000000036e-03 7.346499999999999732e-03
-2.078549999999999842e-02 -1.412379999999999972e-03 7.374870000000000383e-03
-2.082729999999999998e-02 -1.411750000000000027e-03 7.403279999999999930e-03
-2.086920000000000094e-02 -1.411120000000000083e-03 7.431740000000000047e-03
-2.091099999999999903e-02 -1.410470000000000040e-03 7.460239999999999927e-03
-2.095280000000000059e-02 -1.409819999999999997e-03 7.488779999999999569e-03
-2.099459999999999868e-02 -1.409150000000000073e-03 7.517359999999999841e-03
-2.103630000000000083e-02 -1.408469999999999991e-03 7.545989999999999816e-03
-2.107799999999999951e-02 -1.407789999999999909e-03 7.574660000000000420e-03
-2.111970000000000167e-02 -1.407089999999999947e-03 7.603369999999999920e-03
-2.116140000000000035e-02 -1.406380000000000043e-03 7.632129999999999991e-03
-2.120299999999999963e-02 -1.405669999999999923e-03 7.660929999999999823e-03
-2.124459999999999890e-02 -1.404939999999999922e-03 7.689770000000000286e-03
-2.128620000000000165e-02 -1.404199999999999979e-03 7.718649999999999643e-03
-2.132780000000000092e-02 -1.403450000000000097e-03 7.747579999999999571e-03
-2.136930000000000079e-02 -1.402690000000000057e-03 7.776550000000000129e-03
-2.141080000000000066e-02 -1.401930000000000016e-03 7.805559999999999582e-03
-2.145230000000000053e-02 -1.401150000000000095e-03 7.834620000000000473e-03
-2.149380000000000041e-02 -1.400360000000000016e-03 7.863709999999999450e-03
-2.153520000000000087e-02 -1.399559999999999997e-03 7.892849999999999866e-03
-2.157660000000000133e-02 -1.398750000000000037e-03 7.922030000000000044e-03
-2.161799999999999833e-02 -1.397929999999999919e-03 7.951259999999999925e-03
-2.165939999999999879e-02 -1.397110000000000019e-03 7.980529999999999569e-03
-2.170069999999999985e-02 -1.396270000000000020e-03 8.009830000000000769e-03
-2.174200000000000091e-02 -1.395420000000000080e-03 8.039189999999999878e-03
-2.178329999999999850e-02 -1.394559999999999984e-03 8.068580000000000543e-03
-2.182459999999999956e-02 -1.393689999999999946e-03 8.098019999999999177e-03
-2.186580000000000121e-02 -1.392809999999999968e-03 8.127499999999999308e-03
-2.190699999999999939e-02 -1.391920000000000050e-03 8.157019999999999202e-03
-2.194820000000000104e-02 -1.391019999999999973e-03 8.186580000000000593e-03
-2.198939999999999922e-02 -1.390109999999999957e-03 8.216189999999999952e-03
-2.203050000000000147e-02 -1.389189999999999999e-03 8.245840000000000808e-03
-2.207160000000000025e-02 -1.388260000000000102e-03 8.275529999999999692e-03
-2.211269999999999902e-02 -1.387320000000000046e-03 8.305260000000000073e-03
-2.215369999999999839e-02 -1.386370000000000050e-03 8.335030000000000217e-03
-2.219470000000000123e-02 -1.385409999999999897e-03 8.364850000000000063e-03
-2.223570000000000060e-02 -1.384440000000000020e-03 8.394709999999999672e-03
-2.227669999999999997e-02 -1.383459999999999985e-03 8.424610000000000778e-03
-2.231769999999999934e-02 -1.382460000000000069e-03 8.454549999999999912e-03
-2.235859999999999931e-02 -1.381459999999999936e-03 8.484540000000000484e-03
-2.239949999999999927e-02 -1.380450000000000080e-03 8.514570000000000818e-03
-2.244029999999999983e-02 -1.379430000000000066e-03 8.544639999999999180e-03
-2.248119999999999979e-02 -1.378399999999999894e-03 8.574750000000000774e-03
-2.252200000000000035e-02 -1.377359999999999999e-03 8.604900000000000396e-03
-2.256280000000000091e-02 -1.376269999999999967e-03 8.635139999999999483e-03
-2.260349999999999859e-02 -1.374929999999999902e-03 8.665650000000000436e-03
-2.264419999999999975e-02 -1.373579999999999897e-03 8.696209999999999357e-03
-2.268490000000000090e-02 -1.372219999999999950e-03 8.726799999999999835e-03
-2.272559999999999858e-02 -1.370860000000000004e-03 8.757440000000000016e-03
-2.276620000000000033e-02 -1.369479999999999960e-03 8.788119999999999959e-03
-2.280679999999999860e-02 -1.368089999999999975e-03 8.818839999999999665e-03
-2.284740000000000035e-02 -1.366690000000000049e-03 8.849610000000000809e-03
-2.288789999999999922e-02 -1.365279999999999966e-03 8.880410000000000040e-03
-2.292840000000000156e-02 -1.363870000000000100e-03 8.911260000000000708e-03
-2.296890000000000043e-02 -1.362439999999999918e-03 8.942149999999999405e-03
-2.300939999999999930e-02 -1.361000000000000014e-03 8.973079999999999598e-03
-2.304979999999999876e-02 -1.359549999999999951e-03 9.004049999999999554e-03
-2.309020000000000170e-02 -1.358089999999999948e-03 9.035069999999999213e-03
-2.313060000000000116e-02 -1.356629999999999945e-03 9.066120000000000428e-03
-2.317090000000000122e-02 -1.355150000000000061e-03 9.097219999999999612e-03
-2.321130000000000068e-02 -1.353660000000000019e-03 9.128360000000000293e-03
-2.325160000000000074e-02 -1.352160000000000037e-03 9.159540000000000737e-03
-2.329180000000000139e-02 -1.350649999999999898e-03 9.190759999999999208e-03
-2.333210000000000145e-02 -1.349130000000000034e-03 9.222030000000000852e-03
-2.337229999999999863e-02 -1.347609999999999954e-03 9.253330000000000582e-03
-2.341249999999999928e-02 -1.346069999999999992e-03 9.284680000000000016e-03
-2.345260000000000053e-02 -1.344520000000000090e-03 9.316069999999999213e-03
-2.349280000000000118e-02 -1.342960000000000030e-03 9.347499999999999906e-03
-2.353289999999999896e-02 -1.341390000000000030e-03 9.378970000000000362e-03
-2.357300000000000020e-02 -1.339810000000000089e-03 9.410480000000000581e-03
-2.361299999999999857e-02 -1.338229999999999932e-03 9.442040000000000502e-03
-2.365300000000000041e-02 -1.336629999999999893e-03 9.473630000000000245e-03
-2.369299999999999878e-02 -1.335019999999999913e-03 9.505269999999999692e-03
-2.373300000000000062e-02 -1.333399999999999993e-03 9.536950000000000635e-03
-2.377289999999999959e-02 -1.331769999999999916e-03 9.568659999999999666e-03
-2.381279999999999855e-02 -1.330140000000000055e-03 9.600420000000000134e-03
-2.385270000000000098e-02 -1.328490000000000096e-03 9.632230000000000306e-03
-2.389259999999999995e-02 -1.326829999999999980e-03 9.664070000000000299e-03
-2.393239999999999951e-02 -1.325159999999999923e-03 9.695950000000000055e-03
-2.397219999999999906e-02 -1.323490000000000083e-03 9.727879999999999514e-03
-2.401189999999999922e-02 -1.321799999999999928e-03 9.759850000000000469e-03
-2.405169999999999877e-02 -1.320100000000000049e-03 9.791849999999999513e-03
-2.409139999999999893e-02 -1.318390000000000013e-03 9.823899999999999993e-03
-2.413109999999999908e-02 -1.316679999999999977e-03 9.855990000000000237e-03
-2.417069999999999982e-02 -1.314950000000000060e-03 9.888120000000000243e-03
-2.421039999999999998e-02 -1.313209999999999985e-03 9.920290000000000011e-03
-2.425000000000000072e-02 -1.311459999999999970e-03 9.952509999999999482e-03
-2.428949999999999859e-02 -1.309709999999999954e-03 9.984760000000000510e-03
-2.432909999999999934e-02 -1.307940000000000057e-03 1.001709999999999927e-02
-2.436860000000000068e-02 -1.306169999999999944e-03 1.004940000000000000e-02
-2.440809999999999855e-02 -1.304379999999999949e-03 1.008180000000000014e-02
-2.444750000000000048e-02 -1.302580000000000014e-03 1.011420000000000027e-02
-2.448689999999999894e-02 -1.300780000000000079e-03 1.014660000000000041e-02
-2.452630000000000088e-02 -1.298960000000000045e-03 1.017909999999999995e-02
-2.456569999999999934e-02 -1.297130000000000071e-03 1.021170000000000064e-02
-2.460499999999999840e-02 -1.295300000000000097e-03 1.024429999999999959e-02
-2.464440000000000033e-02 -1.293450000000000025e-03 1.027690000000000027e-02
-2.468359999999999999e-02 -1.291599999999999953e-03 1.030949999999999922e-02
-2.472289999999999904e-02 -1.289730000000000000e-03 1.034219999999999931e-02
-2.476209999999999870e-02 -1.287860000000000046e-03 1.037500000000000054e-02
-2.480129999999999835e-02 -1.285969999999999995e-03 1.040780000000000004e-02
-2.484050000000000147e-02 -1.284079999999999944e-03 1.044059999999999953e-02
-2.487960000000000171e-02 -1.282179999999999952e-03 1.047350000000000017e-02
-2.491859999999999908e-02 -1.280289999999999900e-03 1.050650000000000021e-02
-2.495759999999999992e-02 -1.278379999999999968e-03 1.053959999999999966e-02
-2.499660000000000076e-02 -1.276470000000000035e-03 1.057259999999999971e-02
-2.503560000000000160e-02 -1.274549999999999945e-03 1.060580000000000030e-02
-2.507449999999999957e-02 -1.272609999999999974e-03 1.063899999999999915e-02
-2.511340000000000100e-02 -1.270670000000000003e-03 1.067219999999999974e-02
-2.515229999999999896e-02 -1.268720000000000091e-03 1.070540000000000033e-02
-2.519110000000000099e-02 -1.266760000000000021e-03 1.073870000000000033e-02
-2.522989999999999955e-02 -1.264780000000000071e-03 1.077200000000000032e-02
-2.526870000000000158e-02 -1.262799999999999903e-03 1.080539999999999973e-02
-2.530750000000000013e-02 -1.260810000000000012e-03 1.083880000000000086e-02
-2.534619999999999929e-02 -1.258809999999999964e-03 1.087229999999999967e-02
-2.538489999999999844e-02 -1.256799999999999974e-03 1.090580000000000022e-02
-2.542350000000000165e-02 -1.254780000000000045e-03 1.093930000000000076e-02
-2.546220000000000080e-02 -1.252749999999999957e-03 1.097290000000000071e-02
-2.550080000000000055e-02 -1.250709999999999929e-03 1.100650000000000066e-02
-2.553930000000000089e-02 -1.248650000000000020e-03 1.104010000000000061e-02
-2.557790000000000064e-02 -1.246589999999999894e-03 1.107379999999999996e-02
-2.561640000000000097e-02 -1.244520000000000045e-03 1.110760000000000046e-02
-2.565490000000000131e-02 -1.242449999999999978e-03 1.114139999999999922e-02
-2.569329999999999878e-02 -1.240360000000000030e-03 1.117519999999999972e-02
-2.573169999999999971e-02 -1.238259999999999925e-03 1.120900000000000021e-02
-2.577010000000000065e-02 -1.236150000000000096e-03 1.124290000000000012e-02
-2.580850000000000158e-02 -1.234029999999999893e-03 1.127680000000000002e-02
-2.584679999999999964e-02 -1.231899999999999966e-03 1.131079999999999933e-02
-2.588510000000000116e-02 -1.229760000000000098e-03 1.134480000000000037e-02
-2.592339999999999922e-02 -1.227620000000000013e-03 1.137890000000000082e-02
-2.596160000000000134e-02 -1.225460000000000048e-03 1.141299999999999953e-02
-2.599979999999999999e-02 -1.223289999999999924e-03 1.144709999999999998e-02
-2.603799999999999865e-02 -1.221120000000000018e-03 1.148129999999999984e-02
-2.607620000000000077e-02 -1.218930000000000013e-03 1.151549999999999969e-02
-2.611430000000000001e-02 -1.216730000000000068e-03 1.154980000000000069e-02
-2.615239999999999926e-02 -1.214529999999999907e-03 1.158409999999999995e-02
-2.619039999999999910e-02 -1.212310000000000080e-03 1.161839999999999921e-02
-2.622849999999999834e-02 -1.210090000000000037e-03 1.165279999999999962e-02
-2.626650000000000165e-02 -1.207849999999999896e-03 1.168720000000000002e-02
-2.630439999999999862e-02 -1.205609999999999972e-03 1.172160000000000042e-02
-2.634239999999999846e-02 -1.203360000000000107e-03 1.175610000000000023e-02
-2.638029999999999889e-02 -1.201089999999999927e-03 1.179060000000000004e-02
-2.641809999999999992e-02 -1.198819999999999964e-03 1.182519999999999925e-02
-2.645600000000000035e-02 -1.196540000000000060e-03 1.185980000000000020e-02
-2.649380000000000138e-02 -1.194240000000000058e-03 1.189450000000000056e-02
-2.653159999999999893e-02 -1.191940000000000057e-03 1.192919999999999918e-02
-2.656930000000000056e-02 -1.189629999999999898e-03 1.196389999999999953e-02
-2.660699999999999871e-02 -1.187310000000000015e-03 1.199869999999999930e-02
-2.664470000000000033e-02 -1.184979999999999974e-03 1.203350000000000079e-02
-2.668239999999999848e-02 -1.182639999999999993e-03 1.206830000000000055e-02
-2.672000000000000069e-02 -1.180290000000000072e-03 1.210319999999999972e-02
-2.675759999999999944e-02 -1.177929999999999993e-03 1.213810000000000063e-02
-2.679520000000000166e-02 -1.175559999999999973e-03 1.217309999999999920e-02
-2.683270000000000099e-02 -1.173180000000000013e-03 1.220809999999999951e-02
-2.687020000000000033e-02 -1.170789999999999895e-03 1.224309999999999982e-02
-2.690769999999999967e-02 -1.168390000000000054e-03 1.227819999999999953e-02
-2.694509999999999961e-02 -1.165989999999999995e-03 1.231329999999999925e-02
-2.698249999999999954e-02 -1.163570000000000056e-03 1.234850000000000010e-02
-2.701989999999999947e-02 -1.161139999999999959e-03 1.238369999999999922e-02
-2.705729999999999941e-02 -1.158710000000000078e-03 1.241890000000000008e-02
-2.709450000000000053e-02 -1.156230000000000062e-03 1.245429999999999975e-02
-2.713159999999999877e-02 -1.153689999999999967e-03 1.248969999999999941e-02
-2.716870000000000049e-02 -1.151150000000000090e-03 1.252520000000000022e-02
-2.720579999999999873e-02 -1.148600000000000055e-03 1.256080000000000044e-02
-2.724280000000000104e-02 -1.146040000000000079e-03 1.259640000000000065e-02
-2.727979999999999988e-02 -1.143469999999999947e-03 1.263200000000000087e-02
-2.731679999999999872e-02 -1.140890000000000090e-03 1.266770000000000049e-02
-2.735370000000000162e-02 -1.138300000000000076e-03 1.270340000000000011e-02
-2.739060000000000106e-02 -1.135699999999999904e-03 1.273909999999999973e-02
-2.742750000000000049e-02 -1.133090000000000009e-03 1.277490000000000049e-02
-2.746430000000000052e-02 -1.130469999999999956e-03 1.281069999999999952e-02
-2.750110000000000054e-02 -1.127839999999999962e-03 1.284650000000000028e-02
-2.753790000000000057e-02 -1.125209999999999969e-03 1.288240000000000045e-02
-2.757460000000000119e-02 -1.122560000000000094e-03 1.291840000000000002e-02
-2.761129999999999834e-02 -1.119900000000000062e-03 1.295430000000000019e-02
-2.764799999999999897e-02 -1.117240000000000030e-03 1.299029999999999976e-02
-2.768469999999999959e-02 -1.114559999999999900e-03 1.302640000000000048e-02
-2.772130000000000080e-02 -1.111879999999999986e-03 1.306249999999999946e-02
-2.775789999999999855e-02 -1.109179999999999975e-03 1.309860000000000017e-02
-2.779440000000000036e-02 -1.106479999999999964e-03 1.313469999999999915e-02
-2.783089999999999870e-02 -1.103770000000000012e-03 1.317089999999999927e-02
-2.786740000000000050e-02 -1.101049999999999902e-03 1.320720000000000054e-02
-2.790389999999999884e-02 -1.098309999999999911e-03 1.324350000000000006e-02
-2.794030000000000125e-02 -1.095569999999999921e-03 1.327979999999999959e-02
-2.797670000000000018e-02 -1.092819999999999989e-03 1.331610000000000085e-02
-2.801299999999999971e-02 -1.090059999999999901e-03 1.335249999999999979e-02
-2.804939999999999864e-02 -1.087290000000000088e-03 1.338890000000000045e-02
-2.808570000000000164e-02 -1.084509999999999901e-03 1.342540000000000053e-02
-2.812189999999999829e-02 -1.081729999999999931e-03 1.346190000000000060e-02
-2.815809999999999841e-02 -1.078930000000000080e-03 1.349850000000000008e-02
-2.819429999999999853e-02 -1.076120000000000071e-03 1.353500000000000016e-02
-2.823049999999999865e-02 -1.073310000000000063e-03 1.357170000000000078e-02
-2.826659999999999937e-02 -1.070479999999999956e-03 1.360830000000000026e-02
-2.830270000000000008e-02 -1.067650000000000066e-03 1.364499999999999914e-02
-2.833880000000000079e-02 -1.064800000000000078e-03 1.368179999999999917e-02
-2.837479999999999863e-02 -1.061950000000000090e-03 1.371849999999999979e-02
-2.841079999999999994e-02 -1.059080000000000004e-03 1.375529999999999982e-02
-2.844680000000000125e-02 -1.056209999999999918e-03 1.379219999999999925e-02
-2.848269999999999968e-02 -1.053330000000000108e-03 1.382910000000000042e-02
-2.851860000000000159e-02 -1.050439999999999924e-03 1.386599999999999985e-02
-2.855450000000000002e-02 -1.047540000000000016e-03 1.390300000000000043e-02
-2.859029999999999905e-02 -1.044629999999999951e-03 1.393999999999999927e-02
-2.862610000000000154e-02 -1.041709999999999945e-03 1.397699999999999984e-02
-2.866190000000000057e-02 -1.038779999999999999e-03 1.401409999999999982e-02
-2.869760000000000019e-02 -1.035839999999999895e-03 1.405119999999999980e-02
-2.873329999999999981e-02 -1.032900000000000007e-03 1.408829999999999978e-02
-2.876899999999999943e-02 -1.029940000000000022e-03 1.412549999999999917e-02
-2.880459999999999965e-02 -1.026980000000000037e-03 1.416270000000000029e-02
-2.884019999999999986e-02 -1.023999999999999954e-03 1.420000000000000082e-02
-2.887580000000000008e-02 -1.021020000000000087e-03 1.423729999999999961e-02
-2.891130000000000089e-02 -1.018019999999999906e-03 1.427460000000000014e-02
-2.894680000000000170e-02 -1.015019999999999941e-03 1.431200000000000007e-02
-2.898229999999999904e-02 -1.012010000000000036e-03 1.434940000000000000e-02
-2.901770000000000044e-02 -1.008989999999999974e-03 1.438689999999999934e-02
-2.905309999999999837e-02 -1.005959999999999971e-03 1.442440000000000042e-02
-2.908849999999999977e-02 -1.002920000000000027e-03 1.446189999999999976e-02
-2.912379999999999830e-02 -9.998699999999999255e-04 1.449950000000000024e-02
-2.915910000000000030e-02 -9.968119999999999151e-04 1.453710000000000072e-02
-2.919429999999999942e-02 -9.936649999999999129e-04 1.457480000000000060e-02
-2.922939999999999913e-02 -9.904609999999999890e-04 1.461269999999999930e-02
-2.926439999999999944e-02 -9.872469999999999076e-04 1.465059999999999973e-02
-2.929939999999999975e-02 -9.840249999999999171e-04 1.468850000000000017e-02
-2.933440000000000006e-02 -9.807929999999999860e-04 1.472650000000000001e-02
-2.936940000000000037e-02 -9.775520000000000216e-04 1.476449999999999985e-02
-2.940430000000000127e-02 -9.743010000000000082e-04 1.480260000000000083e-02
-2.943909999999999930e-02 -9.710419999999999772e-04 1.484070000000000007e-02
-2.947400000000000020e-02 -9.677730000000000056e-04 1.487879999999999932e-02
-2.950880000000000170e-02 -9.644960000000000165e-04 1.491699999999999970e-02
-2.954359999999999972e-02 -9.612089999999999784e-04 1.495520000000000009e-02
-2.957829999999999834e-02 -9.579119999999999996e-04 1.499340000000000048e-02
-2.961300000000000043e-02 -9.546070000000000033e-04 1.503170000000000027e-02
-2.964769999999999905e-02 -9.512929999999999737e-04 1.507000000000000006e-02
-2.968229999999999827e-02 -9.479690000000000035e-04 1.510839999999999926e-02
-2.971690000000000095e-02 -9.446360000000000000e-04 1.514670000000000079e-02
-2.975150000000000017e-02 -9.412939999999999632e-04 1.518519999999999939e-02
-2.978599999999999998e-02 -9.379430000000000016e-04 1.522360000000000033e-02
-2.982049999999999979e-02 -9.345830000000000066e-04 1.526210000000000067e-02
-2.985499999999999959e-02 -9.312139999999999784e-04 1.530070000000000041e-02
-2.988940000000000000e-02 -9.278350000000000096e-04 1.533920000000000075e-02
-2.992380000000000040e-02 -9.244480000000000232e-04 1.537780000000000050e-02
-2.995820000000000080e-02 -9.210509999999999878e-04 1.541649999999999965e-02
-2.999249999999999833e-02 -9.176450000000000275e-04 1.545520000000000053e-02
-3.002679999999999932e-02 -9.142310000000000497e-04 1.549389999999999969e-02
-3.006100000000000091e-02 -9.108070000000000228e-04 1.553260000000000057e-02
-3.009529999999999844e-02 -9.073739999999999627e-04 1.557140000000000087e-02
-3.012950000000000003e-02 -9.039319999999999777e-04 1.561019999999999942e-02
-3.016359999999999875e-02 -9.004800000000000521e-04 1.564909999999999912e-02
-3.019770000000000093e-02 -8.970200000000000005e-04 1.568800000000000056e-02
-3.023179999999999965e-02 -8.935510000000000241e-04 1.572689999999999852e-02
-3.026589999999999836e-02 -8.900730000000000143e-04 1.576589999999999936e-02
-3.029990000000000114e-02 -8.865849999999999556e-04 1.580490000000000020e-02
-3.033390000000000045e-02 -8.830889999999999877e-04 1.584400000000000044e-02
-3.036780000000000035e-02 -8.795829999999999708e-04 1.588300000000000128e-02
-3.040170000000000025e-02 -8.760690000000000447e-04 1.592220000000000094e-02
-3.043560000000000015e-02 -8.725449999999999613e-04 1.596130000000000118e-02
-3.046940000000000065e-02 -8.690129999999999686e-04 1.600050000000000083e-02
-3.050320000000000115e-02 -8.654710000000000354e-04 1.603970000000000048e-02
-3.053700000000000164e-02 -8.619209999999999762e-04 1.607899999999999954e-02
-3.057069999999999926e-02 -8.583609999999999764e-04 1.611829999999999860e-02
-3.060440000000000035e-02 -8.547929999999999591e-04 1.615760000000000113e-02
-3.063810000000000144e-02 -8.512150000000000011e-04 1.619699999999999959e-02
-3.067169999999999966e-02 -8.476290000000000257e-04 1.623640000000000153e-02
-3.070530000000000134e-02 -8.440330000000000011e-04 1.627579999999999999e-02
-3.073889999999999956e-02 -8.404289999999999591e-04 1.631530000000000133e-02
-3.077239999999999837e-02 -8.368149999999999764e-04 1.635479999999999920e-02
-3.080590000000000064e-02 -8.331929999999999762e-04 1.639430000000000054e-02
-3.083939999999999945e-02 -8.295620000000000511e-04 1.643390000000000128e-02
-3.087279999999999885e-02 -8.259219999999999843e-04 1.647349999999999856e-02
-3.090620000000000173e-02 -8.222719999999999769e-04 1.651319999999999871e-02
-3.093950000000000172e-02 -8.186139999999999519e-04 1.655289999999999886e-02
-3.097280000000000172e-02 -8.149470000000000021e-04 1.659259999999999902e-02
-3.100610000000000172e-02 -8.112710000000000190e-04 1.663239999999999857e-02
-3.103929999999999884e-02 -8.075860000000000026e-04 1.667220000000000160e-02
-3.107259999999999883e-02 -8.038929999999999687e-04 1.671200000000000116e-02
-3.110570000000000002e-02 -8.001899999999999942e-04 1.675190000000000012e-02
-3.113890000000000061e-02 -7.964779999999999863e-04 1.679179999999999909e-02
-3.117179999999999951e-02 -7.926660000000000303e-04 1.683190000000000033e-02
-3.120469999999999841e-02 -7.888209999999999883e-04 1.687200000000000158e-02
-3.123760000000000078e-02 -7.849670000000000215e-04 1.691219999999999876e-02
-3.127039999999999681e-02 -7.811040000000000214e-04 1.695239999999999941e-02
-3.130320000000000324e-02 -7.772319999999999880e-04 1.699269999999999947e-02
-3.133589999999999987e-02 -7.733510000000000297e-04 1.703299999999999953e-02
-3.136860000000000342e-02 -7.694620000000000539e-04 1.707329999999999959e-02
-3.140130000000000005e-02 -7.655630000000000291e-04 1.711369999999999905e-02
-3.143399999999999667e-02 -7.616559999999999867e-04 1.715409999999999852e-02
-3.146659999999999735e-02 -7.577390000000000037e-04 1.719450000000000145e-02
-3.149910000000000210e-02 -7.538140000000000032e-04 1.723500000000000032e-02
-3.153170000000000278e-02 -7.498799999999999693e-04 1.727549999999999919e-02
-3.156420000000000059e-02 -7.459380000000000264e-04 1.731610000000000094e-02
-3.159660000000000246e-02 -7.419860000000000344e-04 1.735659999999999981e-02
-3.162899999999999739e-02 -7.380260000000000249e-04 1.739730000000000096e-02
-3.166139999999999927e-02 -7.340569999999999821e-04 1.743789999999999923e-02
-3.169380000000000114e-02 -7.300790000000000144e-04 1.747860000000000039e-02
-3.172610000000000013e-02 -7.260920000000000134e-04 1.751930000000000154e-02
-3.175839999999999913e-02 -7.220959999999999792e-04 1.755999999999999922e-02
-3.179060000000000219e-02 -7.180920000000000358e-04 1.760079999999999978e-02
-3.182279999999999831e-02 -7.140789999999999508e-04 1.764169999999999974e-02
-3.185500000000000137e-02 -7.100570000000000492e-04 1.768250000000000030e-02
-3.188710000000000155e-02 -7.060260000000000060e-04 1.772340000000000027e-02
-3.191920000000000174e-02 -7.019870000000000537e-04 1.776430000000000023e-02
-3.195130000000000192e-02 -6.979389999999999596e-04 1.780529999999999960e-02
-3.198329999999999923e-02 -6.938820000000000491e-04 1.784629999999999897e-02
-3.201529999999999654e-02 -6.898159999999999969e-04 1.788729999999999834e-02
-3.204719999999999791e-02 -6.857420000000000355e-04 1.792840000000000059e-02
-3.207909999999999928e-02 -6.816590000000000409e-04 1.796949999999999936e-02
-3.211100000000000065e-02 -6.775670000000000130e-04 1.801060000000000161e-02
-3.214279999999999915e-02 -6.734659999999999518e-04 1.805179999999999979e-02
-3.217459999999999765e-02 -6.693569999999999815e-04 1.809300000000000144e-02
-3.220640000000000308e-02 -6.652389999999999779e-04 1.813419999999999963e-02
-3.223809999999999870e-02 -6.611120000000000494e-04 1.817550000000000068e-02
-3.226980000000000126e-02 -6.569769999999999950e-04 1.821679999999999827e-02
-3.230149999999999688e-02 -6.528330000000000157e-04 1.825809999999999933e-02
-3.233309999999999657e-02 -6.486800000000000031e-04 1.829949999999999979e-02
-3.236470000000000319e-02 -6.445189999999999730e-04 1.834090000000000026e-02
-3.239620000000000000e-02 -6.403490000000000180e-04 1.838230000000000072e-02
-3.242769999999999680e-02 -6.361700000000000297e-04 1.842380000000000059e-02
-3.245920000000000055e-02 -6.319830000000000239e-04 1.846530000000000046e-02
-3.249060000000000142e-02 -6.277869999999999848e-04 1.850680000000000033e-02
-3.252200000000000230e-02 -6.235820000000000208e-04 1.854839999999999961e-02
-3.255340000000000317e-02 -6.193690000000000393e-04 1.858999999999999889e-02
-3.258470000000000116e-02 -6.151470000000000245e-04 1.863170000000000104e-02
-3.261599999999999916e-02 -6.109169999999999922e-04 1.867339999999999972e-02
-3.264720000000000122e-02 -6.066780000000000349e-04 1.871509999999999840e-02
-3.267840000000000328e-02 -6.024300000000000445e-04 1.875680000000000056e-02
-3.270959999999999840e-02 -5.981740000000000364e-04 1.879859999999999864e-02
-3.274069999999999758e-02 -5.939089999999999951e-04 1.884040000000000020e-02
-3.277179999999999677e-02 -5.896350000000000289e-04 1.888230000000000117e-02
-3.280290000000000289e-02 -5.853530000000000452e-04 1.892409999999999926e-02
-3.283389999999999920e-02 -5.810630000000000439e-04 1.896609999999999963e-02
-3.286490000000000244e-02 -5.767629999999999936e-04 1.900800000000000059e-02
-3.289580000000000282e-02 -5.724560000000000499e-04 1.905000000000000096e-02
-3.292670000000000319e-02 -5.681389999999999487e-04 1.909200000000000133e-02
-3.295759999999999662e-02 -5.638140000000000469e-04 1.913400000000000170e-02
-3.298849999999999699e-02 -5.594810000000000191e-04 1.917610000000000148e-02
-3.301910000000000261e-02 -5.551230000000000313e-04 1.921830000000000066e-02
-3.304979999999999724e-02 -5.507549999999999946e-04 1.926059999999999925e-02
-3.308040000000000286e-02 -5.463790000000000487e-04 1.930290000000000131e-02
-3.311100000000000154e-02 -5.419939999999999610e-04 1.934519999999999990e-02
-3.314149999999999735e-02 -5.375999999999999486e-04 1.938749999999999848e-02
-3.317200000000000010e-02 -5.331990000000000427e-04 1.942989999999999995e-02
-3.320250000000000284e-02 -5.287879999999999794e-04 1.947230000000000141e-02
-3.323290000000000272e-02 -5.243690000000000070e-04 1.951479999999999881e-02
-3.326330000000000259e-02 -5.199420000000000170e-04 1.955720000000000028e-02
-3.329359999999999958e-02 -5.155059999999999937e-04 1.959970000000000115e-02
-3.332389999999999658e-02 -5.110619999999999529e-04 1.964230000000000143e-02
-3.335420000000000051e-02 -5.066089999999999873e-04 1.968490000000000170e-02
-3.338440000000000157e-02 -5.021469999999999883e-04 1.972749999999999851e-02
-3.341460000000000263e-02 -4.976779999999999876e-04 1.977009999999999879e-02
-3.344479999999999675e-02 -4.931990000000000462e-04 1.981279999999999847e-02
-3.347490000000000188e-02 -4.887129999999999946e-04 1.985550000000000162e-02
-3.350500000000000006e-02 -4.842180000000000182e-04 1.989830000000000071e-02
-3.353500000000000231e-02 -4.797140000000000085e-04 1.994100000000000039e-02
-3.356499999999999762e-02 -4.752019999999999812e-04 1.998379999999999948e-02
-3.359499999999999986e-02 -4.706809999999999748e-04 2.002670000000000144e-02
-3.362489999999999923e-02 -4.661530000000000209e-04 2.006959999999999994e-02
-3.365479999999999861e-02 -4.616150000000000179e-04 2.011249999999999843e-02
-3.368460000000000204e-02 -4.570700000000000132e-04 2.015540000000000040e-02
-3.371439999999999854e-02 -4.525150000000000136e-04 2.019839999999999830e-02
-3.374420000000000197e-02 -4.479530000000000122e-04 2.024139999999999967e-02
-3.377390000000000253e-02 -4.433819999999999775e-04 2.028440000000000104e-02
-3.380360000000000309e-02 -4.388029999999999795e-04 2.032749999999999835e-02
-3.383329999999999671e-02 -4.342150000000000024e-04 2.037059999999999912e-02
-3.386290000000000133e-02 -4.296190000000000078e-04 2.041369999999999990e-02
-3.389249999999999902e-02 -4.250149999999999957e-04 2.045690000000000008e-02
-3.392200000000000076e-02 -4.204020000000000044e-04 2.050010000000000027e-02
-3.395150000000000251e-02 -4.157809999999999956e-04 2.054330000000000045e-02
-3.398099999999999732e-02 -4.111510000000000078e-04 2.058660000000000004e-02
-3.401040000000000313e-02 -4.065140000000000181e-04 2.062989999999999963e-02
-3.403980000000000200e-02 -4.018679999999999952e-04 2.067319999999999922e-02
-3.406909999999999800e-02 -3.972129999999999932e-04 2.071660000000000168e-02
-3.409840000000000093e-02 -3.925499999999999736e-04 2.076000000000000068e-02
-3.412769999999999693e-02 -3.878789999999999907e-04 2.080339999999999967e-02
-3.415689999999999699e-02 -3.831999999999999903e-04 2.084679999999999866e-02
-3.418609999999999705e-02 -3.785120000000000108e-04 2.089030000000000054e-02
-3.421529999999999710e-02 -3.738160000000000137e-04 2.093389999999999834e-02
-3.424440000000000123e-02 -3.691119999999999991e-04 2.097740000000000021e-02
-3.427340000000000247e-02 -3.644000000000000212e-04 2.102100000000000149e-02
-3.430249999999999966e-02 -3.596790000000000100e-04 2.106459999999999930e-02
-3.433150000000000091e-02 -3.549499999999999812e-04 2.110829999999999998e-02
-3.436039999999999928e-02 -3.502129999999999892e-04 2.115190000000000126e-02
-3.438929999999999765e-02 -3.454670000000000180e-04 2.119570000000000135e-02
-3.441820000000000296e-02 -3.407129999999999751e-04 2.123939999999999856e-02
-3.444699999999999845e-02 -3.359510000000000230e-04 2.128319999999999865e-02
-3.447580000000000089e-02 -3.311809999999999993e-04 2.132699999999999874e-02
-3.450460000000000332e-02 -3.264030000000000121e-04 2.137079999999999882e-02
-3.453330000000000288e-02 -3.216490000000000234e-04 2.141469999999999832e-02
-3.456189999999999957e-02 -3.169460000000000246e-04 2.145860000000000128e-02
-3.459050000000000319e-02 -3.122339999999999925e-04 2.150250000000000078e-02
-3.461899999999999700e-02 -3.075150000000000127e-04 2.154649999999999968e-02
-3.464749999999999774e-02 -3.027869999999999997e-04 2.159049999999999858e-02
-3.467590000000000255e-02 -2.980510000000000234e-04 2.163450000000000095e-02
-3.470430000000000043e-02 -2.933069999999999753e-04 2.167849999999999985e-02
-3.473269999999999830e-02 -2.885540000000000023e-04 2.172260000000000163e-02
-3.476100000000000023e-02 -2.837939999999999734e-04 2.176669999999999994e-02
-3.478930000000000217e-02 -2.790250000000000195e-04 2.181080000000000171e-02
-3.481750000000000123e-02 -2.742479999999999940e-04 2.185499999999999943e-02
-3.484570000000000028e-02 -2.694630000000000050e-04 2.189920000000000061e-02
-3.487389999999999934e-02 -2.646699999999999986e-04 2.194350000000000120e-02
-3.490200000000000247e-02 -2.598680000000000130e-04 2.198769999999999891e-02
-3.493009999999999865e-02 -2.550590000000000257e-04 2.203199999999999950e-02
-3.495820000000000177e-02 -2.502410000000000051e-04 2.207639999999999950e-02
-3.498620000000000202e-02 -2.454150000000000212e-04 2.212070000000000008e-02
-3.501409999999999939e-02 -2.405809999999999926e-04 2.216510000000000008e-02
-3.504209999999999964e-02 -2.357390000000000006e-04 2.220950000000000008e-02
-3.506999999999999701e-02 -2.308889999999999912e-04 2.225399999999999948e-02
-3.509779999999999844e-02 -2.260309999999999913e-04 2.229849999999999888e-02
-3.512559999999999988e-02 -2.211640000000000123e-04 2.234299999999999828e-02
-3.515340000000000131e-02 -2.162900000000000044e-04 2.238750000000000115e-02
-3.518109999999999987e-02 -2.114080000000000061e-04 2.243209999999999996e-02
-3.520879999999999843e-02 -2.065170000000000016e-04 2.247669999999999876e-02
-3.523649999999999699e-02 -2.016180000000000066e-04 2.252140000000000045e-02
-3.526409999999999961e-02 -1.967120000000000099e-04 2.256599999999999925e-02
-3.529159999999999936e-02 -1.917970000000000070e-04 2.261070000000000094e-02
-3.531920000000000198e-02 -1.868739999999999865e-04 2.265549999999999856e-02
-3.534659999999999885e-02 -1.819430000000000027e-04 2.270020000000000024e-02
-3.537409999999999860e-02 -1.770049999999999900e-04 2.274500000000000133e-02
-3.540150000000000241e-02 -1.720579999999999983e-04 2.278979999999999895e-02
-3.542889999999999928e-02 -1.671029999999999890e-04 2.283469999999999944e-02
-3.545620000000000022e-02 -1.621399999999999892e-04 2.287959999999999994e-02
-3.548350000000000115e-02 -1.571689999999999990e-04 2.292450000000000043e-02
-3.551069999999999921e-02 -1.521899999999999913e-04 2.296950000000000033e-02
-3.553789999999999727e-02 -1.472029999999999931e-04 2.301440000000000083e-02
-3.556510000000000227e-02 -1.422080000000000045e-04 2.305940000000000073e-02
-3.559219999999999745e-02 -1.372059999999999870e-04 2.310450000000000004e-02
-3.561929999999999957e-02 -1.321949999999999905e-04 2.314949999999999994e-02
-3.564640000000000170e-02 -1.271760000000000035e-04 2.319459999999999925e-02
-3.567340000000000094e-02 -1.221499999999999875e-04 2.323980000000000143e-02
-3.570029999999999731e-02 -1.171150000000000061e-04 2.328490000000000074e-02
-3.572720000000000062e-02 -1.120719999999999936e-04 2.333009999999999945e-02
-3.575400000000000106e-02 -1.071459999999999936e-04 2.337530000000000163e-02
-3.578080000000000149e-02 -1.022219999999999981e-04 2.342050000000000035e-02
-3.580749999999999905e-02 -9.729999999999999337e-05 2.346579999999999847e-02
-3.583410000000000067e-02 -9.239999999999999624e-05 2.351110000000000005e-02
-3.586079999999999823e-02 -8.739999999999999668e-05 2.355640000000000164e-02
-3.588729999999999698e-02 -8.249999999999999955e-05 2.360169999999999976e-02
-3.591389999999999860e-02 -7.749999999999999999e-05 2.364710000000000076e-02
-3.594039999999999735e-02 -7.250000000000000043e-05 2.369249999999999828e-02
-3.596690000000000303e-02 -6.750000000000000086e-05 2.373789999999999928e-02
-3.599329999999999891e-02 -6.260000000000000373e-05 2.378339999999999968e-02
-3.601959999999999884e-02 -5.759999999999999739e-05 2.382890000000000008e-02
-3.604600000000000165e-02 -5.259999999999999783e-05 2.387440000000000048e-02
-3.607230000000000159e-02 -4.750000000000000262e-05 2.391990000000000088e-02
-3.609849999999999864e-02 -4.250000000000000305e-05 2.396550000000000069e-02
-3.612479999999999858e-02 -3.749999999999999671e-05 2.401110000000000050e-02
-3.615089999999999970e-02 -3.249999999999999715e-05 2.405670000000000031e-02
-3.617709999999999676e-02 -2.739999999999999855e-05 2.410239999999999952e-02
-3.620310000000000195e-02 -2.239999999999999899e-05 2.414809999999999873e-02
-3.622920000000000307e-02 -1.730000000000000038e-05 2.419380000000000142e-02
-3.625520000000000131e-02 -1.230000000000000082e-05 2.423960000000000004e-02
-3.628119999999999956e-02 -7.179999999999999866e-06 2.428539999999999865e-02
-3.630710000000000187e-02 -2.099999999999999799e-06 2.433120000000000074e-02
-3.633299999999999724e-02 2.990000000000000172e-06 2.437699999999999936e-02
-3.635879999999999668e-02 8.080000000000000566e-06 2.442290000000000086e-02
-3.638460000000000305e-02 1.320000000000000067e-05 2.446879999999999888e-02
-3.641040000000000249e-02 1.830000000000000097e-05 2.451470000000000038e-02
-3.643609999999999904e-02 2.339999999999999958e-05 2.456070000000000128e-02
-3.646180000000000254e-02 2.850000000000000157e-05 2.460669999999999871e-02
-3.648740000000000316e-02 3.369999999999999922e-05 2.465269999999999961e-02
-3.651299999999999685e-02 3.880000000000000121e-05 2.469879999999999992e-02
-3.653859999999999747e-02 4.399999999999999886e-05 2.474480000000000082e-02
-3.656410000000000216e-02 4.910000000000000085e-05 2.479090000000000113e-02
-3.658959999999999990e-02 5.429999999999999850e-05 2.483710000000000084e-02
-3.661500000000000171e-02 5.950000000000000292e-05 2.488320000000000115e-02
-3.664039999999999658e-02 6.470000000000000057e-05 2.492940000000000086e-02
-3.666579999999999839e-02 6.980000000000000256e-05 2.497569999999999998e-02
-3.669109999999999733e-02 7.499999999999999343e-05 2.502189999999999970e-02
-3.671630000000000033e-02 8.019999999999999785e-05 2.506819999999999882e-02
-3.674159999999999926e-02 8.550000000000000471e-05 2.511450000000000141e-02
-3.676669999999999938e-02 9.069999999999999558e-05 2.516080000000000053e-02
-3.679190000000000238e-02 9.590000000000000000e-05 2.520719999999999905e-02
-3.681700000000000250e-02 1.011420000000000017e-04 2.525360000000000105e-02
-3.684199999999999975e-02 1.063850000000000055e-04 2.529999999999999957e-02
-3.686709999999999987e-02 1.114840000000000053e-04 2.534640000000000157e-02
-3.689200000000000118e-02 1.164210000000000022e-04 2.539270000000000069e-02
-3.691699999999999843e-02 1.213660000000000032e-04 2.543899999999999981e-02
-3.694189999999999974e-02 1.263179999999999924e-04 2.548539999999999833e-02
-3.696669999999999817e-02 1.312779999999999991e-04 2.553180000000000033e-02
-3.699159999999999948e-02 1.362459999999999962e-04 2.557819999999999885e-02
-3.701630000000000198e-02 1.412220000000000109e-04 2.562470000000000026e-02
-3.704110000000000041e-02 1.462050000000000003e-04 2.567109999999999878e-02
-3.706580000000000291e-02 1.511949999999999915e-04 2.571760000000000018e-02
-3.709040000000000253e-02 1.561930000000000002e-04 2.576420000000000099e-02
-3.711500000000000216e-02 1.611989999999999994e-04 2.581069999999999892e-02
-3.713960000000000178e-02 1.662129999999999890e-04 2.585729999999999973e-02
-3.716409999999999852e-02 1.712340000000000075e-04 2.590399999999999994e-02
-3.718860000000000221e-02 1.762629999999999893e-04 2.595060000000000075e-02
-3.721309999999999896e-02 1.812990000000000001e-04 2.599730000000000096e-02
-3.723749999999999977e-02 1.863430000000000013e-04 2.604400000000000118e-02
-3.726179999999999770e-02 1.913940000000000042e-04 2.609070000000000139e-02
-3.728610000000000257e-02 1.964529999999999976e-04 2.613750000000000101e-02
-3.731040000000000051e-02 2.015189999999999928e-04 2.618430000000000063e-02
-3.733460000000000251e-02 2.065930000000000056e-04 2.623110000000000025e-02
-3.735879999999999757e-02 2.116750000000000088e-04 2.627789999999999987e-02
-3.738299999999999956e-02 2.167639999999999866e-04 2.632479999999999890e-02
-3.740709999999999869e-02 2.218610000000000092e-04 2.637170000000000139e-02
-3.743110000000000187e-02 2.269650000000000064e-04 2.641860000000000042e-02
-3.745520000000000099e-02 2.320769999999999940e-04 2.646559999999999885e-02
-3.747919999999999724e-02 2.371960000000000106e-04 2.651250000000000134e-02
-3.750309999999999755e-02 2.423229999999999904e-04 2.655959999999999918e-02
-3.752699999999999786e-02 2.474570000000000263e-04 2.660660000000000108e-02
-3.755080000000000223e-02 2.525979999999999827e-04 2.665369999999999892e-02
-3.757459999999999967e-02 2.577470000000000108e-04 2.670070000000000082e-02
-3.759839999999999710e-02 2.629040000000000023e-04 2.674790000000000154e-02
-3.762209999999999860e-02 2.680679999999999955e-04 2.679499999999999937e-02
-3.764580000000000010e-02 2.732389999999999906e-04 2.684220000000000009e-02
-3.766950000000000159e-02 2.784180000000000032e-04 2.688940000000000080e-02
-3.769310000000000022e-02 2.836049999999999791e-04 2.693660000000000151e-02
-3.771660000000000290e-02 2.887990000000000110e-04 2.698390000000000163e-02
-3.774009999999999865e-02 2.939999999999999905e-04 2.703119999999999828e-02
-3.776360000000000133e-02 2.992080000000000260e-04 2.707849999999999840e-02
-3.778700000000000114e-02 3.044240000000000249e-04 2.712579999999999852e-02
-3.781040000000000095e-02 3.096479999999999871e-04 2.717320000000000152e-02
-3.783380000000000076e-02 3.148790000000000052e-04 2.722060000000000105e-02
-3.785709999999999770e-02 3.201170000000000252e-04 2.726800000000000057e-02
-3.788029999999999869e-02 3.253619999999999928e-04 2.731540000000000010e-02
-3.790360000000000257e-02 3.306130000000000006e-04 2.736289999999999903e-02
-3.792670000000000069e-02 3.358050000000000011e-04 2.741040000000000143e-02
-3.794979999999999881e-02 3.410010000000000103e-04 2.745790000000000036e-02
-3.797289999999999693e-02 3.462009999999999740e-04 2.750539999999999929e-02
-3.799589999999999912e-02 3.514050000000000008e-04 2.755290000000000170e-02
-3.801890000000000130e-02 3.566139999999999978e-04 2.760050000000000003e-02
-3.804180000000000061e-02 3.618270000000000037e-04 2.764809999999999837e-02
-3.806469999999999992e-02 3.670440000000000183e-04 2.769570000000000018e-02
-3.808759999999999923e-02 3.722649999999999874e-04 2.774329999999999852e-02
-3.811040000000000261e-02 3.774900000000000195e-04 2.779099999999999973e-02
-3.813319999999999904e-02 3.827200000000000220e-04 2.783870000000000094e-02
-3.815589999999999954e-02 3.879539999999999790e-04 2.788639999999999869e-02
-3.817860000000000004e-02 3.931919999999999990e-04 2.793409999999999990e-02
-3.820119999999999766e-02 3.984349999999999893e-04 2.798190000000000052e-02
-3.822380000000000222e-02 4.036810000000000268e-04 2.802970000000000114e-02
-3.824629999999999697e-02 4.089319999999999804e-04 2.807749999999999829e-02
-3.826879999999999865e-02 4.141869999999999970e-04 2.812529999999999891e-02
-3.829130000000000034e-02 4.194460000000000224e-04 2.817319999999999894e-02
-3.831369999999999915e-02 4.247090000000000023e-04 2.822109999999999896e-02
-3.833609999999999796e-02 4.299759999999999910e-04 2.826899999999999899e-02
-3.835840000000000083e-02 4.352480000000000042e-04 2.831689999999999902e-02
-3.838069999999999676e-02 4.405230000000000105e-04 2.836489999999999845e-02
-3.840289999999999676e-02 4.458029999999999870e-04 2.841290000000000135e-02
-3.842509999999999676e-02 4.510870000000000266e-04 2.846090000000000078e-02
-3.844729999999999676e-02 4.563750000000000207e-04 2.850890000000000021e-02
-3.846940000000000082e-02 4.616670000000000235e-04 2.855699999999999905e-02
-3.849140000000000200e-02 4.669629999999999810e-04 2.860510000000000136e-02
-3.851349999999999912e-02 4.722640000000000171e-04 2.865320000000000020e-02
-3.853539999999999743e-02 4.775679999999999921e-04 2.870129999999999904e-02
-3.855739999999999862e-02 4.828769999999999916e-04 2.874940000000000134e-02
-3.857929999999999693e-02 4.881889999999999841e-04 2.879759999999999959e-02
-3.860109999999999930e-02 4.935060000000000011e-04 2.884580000000000130e-02
-3.862290000000000167e-02 4.988269999999999727e-04 2.889409999999999895e-02
-3.864460000000000117e-02 5.041509999999999915e-04 2.894230000000000066e-02
-3.866639999999999661e-02 5.094799999999999806e-04 2.899059999999999832e-02
-3.868800000000000017e-02 5.148130000000000327e-04 2.903889999999999944e-02
-3.870959999999999679e-02 5.201500000000000394e-04 2.908720000000000055e-02
-3.873120000000000035e-02 5.254910000000000006e-04 2.913560000000000108e-02
-3.875279999999999697e-02 5.308360000000000248e-04 2.918389999999999873e-02
