0.000000000000000000e+00 -1.199999999999999970e-18 -6.829999999999999865e-18
-1.872140000000000002e-05 -1.830000000000000108e-07 -1.349999999999999992e-06
-3.666470000000000151e-05 -1.039999999999999995e-06 -1.000000000000000082e-05
-5.556729999999999905e-05 -2.810000000000000201e-06 -1.790000000000000141e-05
-7.627280000000000604e-05 -7.920000000000000404e-06 -1.819999999999999854e-05
-9.662839999999999797e-05 -9.919999999999999890e-06 -1.900000000000000105e-05
-1.173230000000000014e-04 -1.180000000000000052e-05 -2.199999999999999943e-05
-1.386589999999999882e-04 -1.430000000000000031e-05 -2.440000000000000017e-05
-1.606819999999999906e-04 -1.730000000000000038e-05 -2.489999999999999877e-05
-1.830509999999999928e-04 -1.989999999999999921e-05 -2.559999999999999884e-05
-2.053509999999999927e-04 -2.269999999999999950e-05 -2.669999999999999847e-05
-2.273560000000000099e-04 -2.580000000000000031e-05 -2.710000000000000142e-05
-2.489580000000000243e-04 -2.909999999999999921e-05 -2.680000000000000090e-05
-2.700159999999999843e-04 -3.259999999999999958e-05 -2.650000000000000039e-05
-2.901310000000000043e-04 -3.630000000000000143e-05 -2.619999999999999987e-05
-3.071500000000000120e-04 -4.000000000000000327e-05 -2.570000000000000127e-05
-3.266880000000000001e-04 -4.380000000000000077e-05 -2.479999999999999972e-05
-3.457870000000000149e-04 -4.750000000000000262e-05 -2.370000000000000009e-05
-3.646550000000000247e-04 -5.099999999999999960e-05 -2.220000000000000090e-05
-3.834029999999999882e-04 -5.420000000000000284e-05 -2.040000000000000119e-05
-4.020769999999999791e-04 -5.700000000000000314e-05 -1.819999999999999854e-05
-4.205109999999999859e-04 -5.959999999999999857e-05 -1.590000000000000023e-05
-4.386449999999999854e-04 -6.150000000000000410e-05 -1.299999999999999920e-05
-4.561429999999999998e-04 -6.239999999999999887e-05 -9.370000000000000074e-06
-4.735219999999999837e-04 -6.299999999999999990e-05 -5.630000000000000306e-06
-4.915419999999999772e-04 -6.430000000000000440e-05 -2.579999999999999862e-06
-5.099710000000000137e-04 -6.650000000000000366e-05 -1.950000000000000124e-07
-5.287379999999999511e-04 -6.930000000000000396e-05 1.760000000000000090e-06
-5.478940000000000502e-04 -7.229999999999999556e-05 3.679999999999999918e-06
-5.674029999999999612e-04 -7.559999999999999446e-05 5.550000000000000225e-06
-5.871099999999999540e-04 -7.889999999999999336e-05 7.639999999999999697e-06
-6.070290000000000321e-04 -8.249999999999999955e-05 9.310000000000000648e-06
-6.272250000000000264e-04 -8.629999999999999705e-05 1.099999999999999971e-05
-6.483030000000000303e-04 -9.000000000000000567e-05 1.279999999999999942e-05
-6.703790000000000270e-04 -9.359999999999999831e-05 1.480000000000000060e-05
-6.929320000000000531e-04 -9.729999999999999337e-05 1.679999999999999839e-05
-7.167169999999999618e-04 -1.008169999999999938e-04 1.910000000000000009e-05
-7.392670000000000491e-04 -1.042719999999999937e-04 2.139999999999999840e-05
-7.587919999999999951e-04 -1.076789999999999968e-04 2.349999999999999862e-05
-7.810230000000000471e-04 -1.108069999999999981e-04 2.599999999999999840e-05
-8.016889999999999607e-04 -1.138519999999999935e-04 2.860000000000000061e-05
-8.221650000000000269e-04 -1.167349999999999996e-04 3.130000000000000187e-05
-8.424409999999999798e-04 -1.195159999999999989e-04 3.410000000000000216e-05
-8.624340000000000304e-04 -1.221910000000000097e-04 3.699999999999999811e-05
-8.821639999999999517e-04 -1.247959999999999890e-04 4.000000000000000327e-05
-9.016020000000000457e-04 -1.273140000000000079e-04 4.309999999999999731e-05
-9.208060000000000333e-04 -1.296090000000000122e-04 4.640000000000000298e-05
-9.396969999999999715e-04 -1.316500000000000016e-04 5.000000000000000240e-05
-9.581789999999999752e-04 -1.333619999999999879e-04 5.390000000000000233e-05
-9.764220000000000104e-04 -1.350350000000000107e-04 5.780000000000000225e-05
-9.945019999999999728e-04 -1.371199999999999882e-04 6.129999999999999924e-05
-1.012539999999999924e-03 -1.395660000000000119e-04 6.470000000000000057e-05
-1.030700000000000062e-03 -1.422460000000000066e-04 6.789999999999999703e-05
-1.049079999999999978e-03 -1.451470000000000115e-04 7.100000000000000462e-05
-1.067770000000000004e-03 -1.482450000000000011e-04 7.399999999999999623e-05
-1.086809999999999903e-03 -1.514540000000000038e-04 7.689999999999999896e-05
-1.106170000000000070e-03 -1.547320000000000086e-04 7.969999999999999925e-05
-1.125839999999999914e-03 -1.580049999999999890e-04 8.260000000000000198e-05
-1.145739999999999910e-03 -1.611659999999999948e-04 8.550000000000000471e-05
-1.165849999999999959e-03 -1.642220000000000008e-04 8.839999999999999388e-05
-1.186180000000000003e-03 -1.670920000000000055e-04 9.139999999999999904e-05
-1.206709999999999944e-03 -1.697160000000000129e-04 9.450000000000000663e-05
-1.227400000000000019e-03 -1.721419999999999927e-04 9.770000000000000310e-05
-1.248299999999999930e-03 -1.744369999999999970e-04 1.010209999999999938e-04
-1.269560000000000089e-03 -1.766030000000000030e-04 1.044560000000000041e-04
-1.290949999999999910e-03 -1.787520000000000124e-04 1.079230000000000033e-04
-1.312049999999999935e-03 -1.809749999999999944e-04 1.113520000000000005e-04
-1.332379999999999979e-03 -1.832910000000000041e-04 1.147470000000000044e-04
-1.352439999999999892e-03 -1.856980000000000100e-04 1.181179999999999963e-04
-1.372280000000000028e-03 -1.881859999999999902e-04 1.214850000000000066e-04
-1.391890000000000011e-03 -1.907289999999999962e-04 1.248590000000000051e-04
-1.411240000000000020e-03 -1.932810000000000084e-04 1.282739999999999987e-04
-1.430269999999999979e-03 -1.958720000000000112e-04 1.316859999999999992e-04
-1.449070000000000002e-03 -1.984909999999999940e-04 1.351050000000000016e-04
-1.467720000000000049e-03 -2.011389999999999999e-04 1.385330000000000101e-04
-1.486300000000000078e-03 -2.038390000000000113e-04 1.419430000000000062e-04
-1.504930000000000026e-03 -2.065620000000000054e-04 1.453460000000000006e-04
-1.523709999999999952e-03 -2.092990000000000031e-04 1.487329999999999870e-04
-1.542669999999999892e-03 -2.120330000000000077e-04 1.521109999999999943e-04
-1.561780000000000026e-03 -2.147539999999999974e-04 1.554880000000000129e-04
-1.581090000000000056e-03 -2.174459999999999913e-04 1.588709999999999905e-04
-1.600609999999999923e-03 -2.200869999999999953e-04 1.622740000000000120e-04
-1.620329999999999904e-03 -2.226680000000000033e-04 1.657010000000000048e-04
-1.640249999999999998e-03 -2.251739999999999959e-04 1.691600000000000135e-04
-1.660339999999999950e-03 -2.276079999999999933e-04 1.726499999999999953e-04
-1.680529999999999958e-03 -2.299699999999999954e-04 1.761690000000000001e-04
-1.700829999999999963e-03 -2.322640000000000110e-04 1.797179999999999893e-04
-1.721120000000000028e-03 -2.345059999999999940e-04 1.832960000000000015e-04
-1.741410000000000093e-03 -2.366939999999999940e-04 1.869089999999999955e-04
-1.761600000000000102e-03 -2.388389999999999947e-04 1.905710000000000021e-04
-1.781679999999999896e-03 -2.409450000000000047e-04 1.942769999999999968e-04
-1.801590000000000049e-03 -2.430260000000000005e-04 1.980209999999999935e-04
-1.821300000000000089e-03 -2.451099999999999893e-04 2.017850000000000069e-04
-1.840829999999999897e-03 -2.472539999999999742e-04 2.055249999999999948e-04
-1.860179999999999906e-03 -2.495059999999999791e-04 2.092150000000000086e-04
-1.879379999999999939e-03 -2.519360000000000219e-04 2.128119999999999947e-04
-1.898469999999999975e-03 -2.544620000000000042e-04 2.163850000000000094e-04
-1.917459999999999954e-03 -2.570790000000000098e-04 2.199389999999999960e-04
-1.936409999999999954e-03 -2.597599999999999931e-04 2.234930000000000098e-04
-1.955399999999999933e-03 -2.625309999999999840e-04 2.269659999999999950e-04
-1.974479999999999812e-03 -2.653660000000000068e-04 2.303569999999999902e-04
-1.993679999999999845e-03 -2.681450000000000153e-04 2.338110000000000015e-04
-2.013039999999999795e-03 -2.708189999999999968e-04 2.373630000000000108e-04
-2.032589999999999918e-03 -2.734209999999999831e-04 2.409110000000000114e-04
-2.052330000000000213e-03 -2.759169999999999809e-04 2.444869999999999921e-04
-2.072239999999999933e-03 -2.782579999999999776e-04 2.481529999999999804e-04
-2.092269999999999807e-03 -2.804489999999999978e-04 2.519069999999999990e-04
-2.112390000000000014e-03 -2.825050000000000065e-04 2.557349999999999901e-04
-2.132549999999999984e-03 -2.843820000000000158e-04 2.596790000000000188e-04
-2.152690000000000072e-03 -2.861270000000000068e-04 2.637040000000000217e-04
-2.172719999999999946e-03 -2.879690000000000071e-04 2.676719999999999946e-04
-2.192640000000000040e-03 -2.898700000000000148e-04 2.718490000000000056e-04
-2.212459999999999861e-03 -2.919829999999999995e-04 2.758060000000000221e-04
-2.232109999999999823e-03 -2.940570000000000206e-04 2.797090000000000015e-04
-2.251700000000000142e-03 -2.959789999999999795e-04 2.847719999999999765e-04
-2.271159999999999932e-03 -2.974559999999999791e-04 2.918350000000000002e-04
-2.290410000000000102e-03 -2.998070000000000249e-04 2.961889999999999792e-04
-2.309540000000000117e-03 -3.024529999999999992e-04 2.996329999999999957e-04
-2.328660000000000192e-03 -3.052059999999999777e-04 3.029640000000000219e-04
-2.347839999999999910e-03 -3.079019999999999804e-04 3.063639999999999961e-04
-2.367070000000000198e-03 -3.105410000000000071e-04 3.098150000000000144e-04
-2.386399999999999893e-03 -3.130909999999999878e-04 3.133289999999999947e-04
-2.405839999999999802e-03 -3.155510000000000151e-04 3.169049999999999753e-04
-2.425360000000000103e-03 -3.179489999999999877e-04 3.205260000000000140e-04
-2.444959999999999928e-03 -3.202769999999999966e-04 3.241970000000000268e-04
-2.464630000000000206e-03 -3.225370000000000190e-04 3.279169999999999980e-04
-2.484389999999999949e-03 -3.247279999999999850e-04 3.316889999999999747e-04
-2.504199999999999829e-03 -3.268610000000000135e-04 3.355070000000000253e-04
-2.524039999999999964e-03 -3.289440000000000137e-04 3.393679999999999939e-04
-2.543899999999999981e-03 -3.310119999999999946e-04 3.432449999999999976e-04
-2.563740000000000116e-03 -3.331060000000000054e-04 3.471109999999999907e-04
-2.583509999999999800e-03 -3.352599999999999851e-04 3.509729999999999751e-04
-2.603219999999999840e-03 -3.374599999999999844e-04 3.548369999999999910e-04
-2.622830000000000040e-03 -3.396970000000000241e-04 3.587269999999999825e-04
-2.642359999999999848e-03 -3.419440000000000045e-04 3.626899999999999851e-04
-2.661830000000000012e-03 -3.443140000000000241e-04 3.665480000000000149e-04
-2.681269999999999921e-03 -3.468139999999999765e-04 3.702700000000000175e-04
-2.700629999999999871e-03 -3.493389999999999972e-04 3.739999999999999835e-04
-2.719950000000000059e-03 -3.518190000000000141e-04 3.778090000000000007e-04
-2.739249999999999931e-03 -3.542560000000000045e-04 3.816660000000000148e-04
-2.758590000000000000e-03 -3.566409999999999893e-04 3.855570000000000221e-04
-2.777959999999999891e-03 -3.589810000000000245e-04 3.894799999999999911e-04
-2.797379999999999919e-03 -3.612819999999999877e-04 3.934349999999999761e-04
-2.816850000000000083e-03 -3.635399999999999786e-04 3.974259999999999859e-04
-2.836350000000000069e-03 -3.657679999999999851e-04 4.014479999999999958e-04
-2.855900000000000192e-03 -3.679660000000000071e-04 4.054999999999999902e-04
-2.875490000000000077e-03 -3.701369999999999834e-04 4.095820000000000233e-04
-2.895099999999999844e-03 -3.722959999999999876e-04 4.136839999999999918e-04
-2.914749999999999806e-03 -3.744420000000000040e-04 4.178079999999999815e-04
-2.934420000000000084e-03 -3.765849999999999731e-04 4.219459999999999747e-04
-2.954079999999999987e-03 -3.787439999999999774e-04 4.260879999999999767e-04
-2.973749999999999831e-03 -3.809059999999999746e-04 4.302399999999999736e-04
-2.993399999999999794e-03 -3.830840000000000070e-04 4.343950000000000177e-04
-3.013019999999999934e-03 -3.852810000000000132e-04 4.385500000000000075e-04
-3.032630000000000135e-03 -3.874940000000000003e-04 4.427100000000000219e-04
-3.052179999999999824e-03 -3.897179999999999980e-04 4.468729999999999751e-04
-3.071700000000000125e-03 -3.919530000000000063e-04 4.510389999999999755e-04
-3.091179999999999796e-03 -3.941990000000000251e-04 4.552089999999999847e-04
-3.110640000000000020e-03 -3.964409999999999809e-04 4.593889999999999888e-04
-3.130050000000000106e-03 -3.986850000000000224e-04 4.635759999999999946e-04
-3.149449999999999819e-03 -4.009290000000000098e-04 4.677719999999999795e-04
-3.168840000000000025e-03 -4.031610000000000250e-04 4.719850000000000152e-04
-3.188209999999999916e-03 -4.053880000000000157e-04 4.762109999999999846e-04
-3.207590000000000181e-03 -4.076010000000000028e-04 4.804550000000000205e-04
-3.226989999999999893e-03 -4.097980000000000090e-04 4.847210000000000234e-04
-3.246390000000000040e-03 -4.119810000000000117e-04 4.890059999999999459e-04
-3.265870000000000144e-03 -4.141390000000000002e-04 4.933239999999999544e-04
-3.285370000000000131e-03 -4.162899999999999869e-04 4.976569999999999822e-04
-3.304860000000000176e-03 -4.184370000000000190e-04 5.020019999999999821e-04
-3.324399999999999925e-03 -4.205750000000000178e-04 5.063690000000000031e-04
-3.343930000000000166e-03 -4.227100000000000237e-04 5.107469999999999805e-04
-3.363459999999999974e-03 -4.248429999999999980e-04 5.151380000000000542e-04
-3.383000000000000156e-03 -4.269739999999999950e-04 5.195389999999999600e-04
-3.402529999999999964e-03 -4.291049999999999921e-04 5.239510000000000391e-04
-3.422020000000000010e-03 -4.312410000000000136e-04 5.283700000000000115e-04
-3.441500000000000115e-03 -4.333750000000000037e-04 5.328000000000000487e-04
-3.460979999999999786e-03 -4.355060000000000008e-04 5.372410000000000423e-04
-3.480459999999999891e-03 -4.376329999999999890e-04 5.416940000000000080e-04
-3.499930000000000055e-03 -4.397609999999999931e-04 5.461560000000000069e-04
-3.519379999999999904e-03 -4.418889999999999971e-04 5.506279999999999465e-04
-3.538830000000000187e-03 -4.440140000000000081e-04 5.551119999999999666e-04
-3.558280000000000037e-03 -4.461369999999999876e-04 5.596070000000000514e-04
-3.577719999999999945e-03 -4.482560000000000125e-04 5.641140000000000000e-04
-3.597159999999999854e-03 -4.503730000000000060e-04 5.686330000000000291e-04
-3.616600000000000197e-03 -4.524870000000000064e-04 5.731640000000000302e-04
-3.636030000000000165e-03 -4.545969999999999980e-04 5.777070000000000035e-04
-3.655460000000000133e-03 -4.566969999999999949e-04 5.822730000000000137e-04
-3.674880000000000160e-03 -4.587799999999999951e-04 5.868699999999999698e-04
-3.694300000000000188e-03 -4.608610000000000180e-04 5.914769999999999750e-04
-3.713720000000000215e-03 -4.629400000000000095e-04 5.960969999999999680e-04
-3.733139999999999809e-03 -4.650149999999999922e-04 6.007270000000000101e-04
-3.752549999999999896e-03 -4.670869999999999818e-04 6.053690000000000243e-04
-3.771959999999999983e-03 -4.691569999999999942e-04 6.100219999999999948e-04
-3.791370000000000070e-03 -4.712229999999999978e-04 6.146870000000000459e-04
-3.810780000000000157e-03 -4.732760000000000135e-04 6.193760000000000411e-04
-3.830169999999999929e-03 -4.753070000000000081e-04 6.240980000000000139e-04
-3.849560000000000135e-03 -4.773350000000000097e-04 6.288310000000000514e-04
-3.868949999999999907e-03 -4.793600000000000183e-04 6.335759999999999526e-04
-3.888340000000000112e-03 -4.813829999999999954e-04 6.383320000000000270e-04
-3.907729999999999884e-03 -4.834020000000000179e-04 6.430989999999999493e-04
-3.927110000000000149e-03 -4.854190000000000089e-04 6.478779999999999522e-04
-3.946490000000000414e-03 -4.874330000000000069e-04 6.526680000000000198e-04
-3.965869999999999812e-03 -4.894310000000000240e-04 6.574839999999999548e-04
-3.985220000000000255e-03 -4.914010000000000340e-04 6.623370000000000386e-04
-4.004579999999999772e-03 -4.933679999999999967e-04 6.672019999999999861e-04
-4.023930000000000215e-03 -4.953320000000000205e-04 6.720779999999999983e-04
-4.043279999999999791e-03 -4.972940000000000129e-04 6.769659999999999827e-04
-4.062630000000000234e-03 -4.992520000000000508e-04 6.818650000000000318e-04
-4.081979999999999810e-03 -5.012079999999999487e-04 6.867750000000000373e-04
-4.101320000000000313e-03 -5.031610000000000162e-04 6.916959999999999992e-04
-4.120659999999999948e-03 -5.051110000000000365e-04 6.966290000000000416e-04
-4.139999999999999583e-03 -5.070580000000000096e-04 7.015730000000000403e-04
-4.159340000000000086e-03 -5.090020000000000438e-04 7.065279999999999954e-04
-4.178669999999999780e-03 -5.109440000000000466e-04 7.114950000000000311e-04
-4.198010000000000283e-03 -5.128819999999999863e-04 7.164730000000000230e-04
-4.217339999999999978e-03 -5.148180000000000030e-04 7.214619999999999714e-04
-4.236659999999999732e-03 -5.167509999999999725e-04 7.264630000000000002e-04
-4.255990000000000294e-03 -5.186810000000000032e-04 7.314739999999999697e-04
-4.275310000000000048e-03 -5.205980000000000460e-04 7.365120000000000390e-04
-4.294609999999999921e-03 -5.224850000000000501e-04 7.416000000000000283e-04
-4.313909999999999793e-03 -5.243690000000000070e-04 7.466989999999999739e-04
-4.333199999999999726e-03 -5.262500000000000250e-04 7.518100000000000000e-04
-4.352489999999999658e-03 -5.281290000000000116e-04 7.569309999999999667e-04
-4.371790000000000398e-03 -5.300049999999999510e-04 7.620640000000000139e-04
-4.391070000000000390e-03 -5.318770000000000442e-04 7.672090000000000333e-04
-4.410360000000000322e-03 -5.337469999999999975e-04 7.723639999999999933e-04
-4.429640000000000313e-03 -5.356140000000000120e-04 7.775310000000000337e-04
-4.448920000000000305e-03 -5.374789999999999950e-04 7.827090000000000306e-04
-4.468200000000000296e-03 -5.393400000000000234e-04 7.878979999999999838e-04
-4.487480000000000288e-03 -5.411990000000000203e-04 7.930990000000000175e-04
-4.506750000000000339e-03 -5.430539999999999543e-04 7.983110000000000076e-04
-4.526020000000000390e-03 -5.449069999999999652e-04 8.035339999999999540e-04
-4.545289999999999574e-03 -5.467570000000000372e-04 8.087679999999999652e-04
-4.564559999999999625e-03 -5.486039999999999537e-04 8.140139999999999485e-04
-4.583809999999999794e-03 -5.504379999999999907e-04 8.192880000000000475e-04
-4.603030000000000142e-03 -5.522329999999999557e-04 8.246389999999999493e-04
-4.622239999999999682e-03 -5.540249999999999819e-04 8.300010000000000243e-04
-4.641450000000000090e-03 -5.558149999999999766e-04 8.353749999999999631e-04
-4.660649999999999689e-03 -5.576010000000000168e-04 8.407599999999999666e-04
-4.679860000000000096e-03 -5.593840000000000097e-04 8.461560000000000348e-04
-4.699059999999999696e-03 -5.611649999999999711e-04 8.515629999999999511e-04
-4.718260000000000162e-03 -5.629429999999999937e-04 8.569810000000000405e-04
-4.737459999999999762e-03 -5.647179999999999691e-04 8.624099999999999778e-04
-4.756650000000000288e-03 -5.664900000000000057e-04 8.678509999999999957e-04
-4.775839999999999946e-03 -5.682589999999999950e-04 8.733029999999999699e-04
-4.795029999999999605e-03 -5.700250000000000455e-04 8.787660000000000089e-04
-4.814220000000000131e-03 -5.717889999999999561e-04 8.842410000000000200e-04
-4.833399999999999849e-03 -5.735500000000000364e-04 8.897259999999999718e-04
-4.852579999999999567e-03 -5.753070000000000536e-04 8.952230000000000040e-04
-4.871760000000000153e-03 -5.770620000000000393e-04 9.007309999999999926e-04
-4.890939999999999871e-03 -5.788149999999999936e-04 9.062500000000000460e-04
-4.910109999999999648e-03 -5.805639999999999933e-04 9.117809999999999630e-04
-4.929280000000000293e-03 -5.823100000000000541e-04 9.173220000000000375e-04
-4.948450000000000071e-03 -5.840539999999999751e-04 9.228749999999999757e-04
-4.967609999999999908e-03 -5.857949999999999572e-04 9.284389999999999787e-04
-4.986779999999999685e-03 -5.875319999999999848e-04 9.340140000000000465e-04
-5.005940000000000389e-03 -5.892669999999999809e-04 9.395999999999999621e-04
-5.025090000000000286e-03 -5.910000000000000539e-04 9.451979999999999583e-04
-5.044250000000000123e-03 -5.927289999999999556e-04 9.508070000000000193e-04
-5.063400000000000019e-03 -5.944550000000000268e-04 9.564270000000000367e-04
-5.082549999999999915e-03 -5.961789999999999581e-04 9.620580000000000104e-04
-5.101689999999999871e-03 -5.978999999999999506e-04 9.677000000000000489e-04
-5.120839999999999767e-03 -5.996180000000000043e-04 9.733530000000000437e-04
-5.139979999999999723e-03 -6.013330000000000107e-04 9.790179999999999022e-04
-5.159119999999999678e-03 -6.030449999999999700e-04 9.846939999999999339e-04
-5.178249999999999693e-03 -6.047539999999999904e-04 9.903810000000000304e-04
-5.197379999999999708e-03 -6.064570000000000247e-04 9.960859999999999766e-04
-5.216460000000000020e-03 -6.081160000000000168e-04 1.001879999999999915e-03
-5.235540000000000332e-03 -6.097719999999999616e-04 1.007679999999999947e-03
-5.254609999999999836e-03 -6.114249999999999676e-04 1.013489999999999920e-03
-5.273680000000000208e-03 -6.130750000000000349e-04 1.019310000000000051e-03
-5.292749999999999712e-03 -6.147229999999999622e-04 1.025150000000000063e-03
-5.311810000000000143e-03 -6.163670000000000433e-04 1.031000000000000015e-03
-5.330869999999999706e-03 -6.180089999999999846e-04 1.036849999999999968e-03
-5.349930000000000137e-03 -6.196479999999999870e-04 1.042720000000000018e-03
-5.368989999999999700e-03 -6.212840000000000506e-04 1.048600000000000010e-03
-5.388040000000000190e-03 -6.229169999999999586e-04 1.054489999999999941e-03
-5.407089999999999813e-03 -6.245470000000000362e-04 1.060390000000000030e-03
-5.426140000000000303e-03 -6.261749999999999738e-04 1.066310000000000001e-03
-5.445179999999999985e-03 -6.277999999999999726e-04 1.072229999999999971e-03
-5.464219999999999668e-03 -6.294210000000000169e-04 1.078170000000000040e-03
-5.483260000000000217e-03 -6.310400000000000297e-04 1.084110000000000108e-03
-5.502299999999999899e-03 -6.326570000000000110e-04 1.090070000000000058e-03
-5.521329999999999641e-03 -6.342700000000000378e-04 1.096039999999999948e-03
-5.540360000000000250e-03 -6.358810000000000330e-04 1.102019999999999996e-03
-5.559389999999999991e-03 -6.374879999999999653e-04 1.108009999999999984e-03
-5.578409999999999792e-03 -6.390929999999999745e-04 1.114009999999999913e-03
-5.597429999999999593e-03 -6.406950000000000449e-04 1.120020000000000000e-03
-5.616450000000000262e-03 -6.422939999999999596e-04 1.126049999999999968e-03
-5.635470000000000063e-03 -6.438900000000000439e-04 1.132079999999999935e-03
-5.654479999999999923e-03 -6.454839999999999883e-04 1.138130000000000001e-03
-5.673489999999999783e-03 -6.470749999999999939e-04 1.144190000000000007e-03
-5.692499999999999644e-03 -6.486620000000000450e-04 1.150259999999999954e-03
-5.711500000000000431e-03 -6.502469999999999561e-04 1.156340000000000059e-03
-5.730500000000000350e-03 -6.518300000000000526e-04 1.162430000000000104e-03
-5.749500000000000270e-03 -6.534089999999999777e-04 1.168530000000000089e-03
-5.768490000000000249e-03 -6.549849999999999639e-04 1.174640000000000016e-03
-5.787490000000000169e-03 -6.565590000000000271e-04 1.180760000000000099e-03
-5.806480000000000148e-03 -6.581300000000000431e-04 1.186900000000000064e-03
-5.825409999999999616e-03 -6.596650000000000343e-04 1.193119999999999988e-03
-5.844330000000000011e-03 -6.611949999999999468e-04 1.199350000000000069e-03
-5.863250000000000406e-03 -6.627220000000000289e-04 1.205590000000000090e-03
-5.882169999999999933e-03 -6.642469999999999711e-04 1.211840000000000053e-03
-5.901090000000000328e-03 -6.657679999999999588e-04 1.218099999999999955e-03
-5.919999999999999915e-03 -6.672870000000000234e-04 1.224379999999999956e-03
-5.938910000000000369e-03 -6.688030000000000407e-04 1.230659999999999957e-03
-5.957819999999999956e-03 -6.703170000000000265e-04 1.236960000000000056e-03
-5.976730000000000410e-03 -6.718269999999999494e-04 1.243270000000000096e-03
-5.995630000000000057e-03 -6.733349999999999492e-04 1.249579999999999918e-03
-6.014519999999999762e-03 -6.748389999999999944e-04 1.255910000000000056e-03
-6.033420000000000276e-03 -6.763410000000000082e-04 1.262260000000000075e-03
-6.052309999999999982e-03 -6.778399999999999747e-04 1.268610000000000093e-03
-6.071199999999999687e-03 -6.793370000000000181e-04 1.274970000000000053e-03
-6.090090000000000260e-03 -6.808299999999999986e-04 1.281339999999999953e-03
-6.108970000000000025e-03 -6.823209999999999475e-04 1.287729999999999951e-03
-6.127849999999999790e-03 -6.838089999999999577e-04 1.294119999999999949e-03
-6.146719999999999615e-03 -6.852940000000000290e-04 1.300530000000000045e-03
-6.165600000000000247e-03 -6.867760000000000531e-04 1.306950000000000082e-03
-6.184470000000000071e-03 -6.882550000000000300e-04 1.313380000000000060e-03
-6.203329999999999955e-03 -6.897319999999999753e-04 1.319819999999999978e-03
-6.222199999999999780e-03 -6.912049999999999661e-04 1.326270000000000053e-03
-6.241059999999999663e-03 -6.926760000000000339e-04 1.332730000000000069e-03
-6.259909999999999607e-03 -6.941439999999999460e-04 1.339200000000000026e-03
-6.278770000000000358e-03 -6.956100000000000434e-04 1.345690000000000081e-03
-6.297620000000000301e-03 -6.970719999999999694e-04 1.352179999999999918e-03
-6.316470000000000244e-03 -6.985319999999999724e-04 1.358690000000000071e-03
-6.335310000000000247e-03 -6.999890000000000365e-04 1.365200000000000007e-03
-6.354150000000000249e-03 -7.014430000000000534e-04 1.371730000000000041e-03
-6.372990000000000252e-03 -7.028940000000000231e-04 1.378270000000000016e-03
-6.391830000000000254e-03 -7.043420000000000540e-04 1.384819999999999931e-03
-6.410660000000000316e-03 -7.057880000000000533e-04 1.391380000000000004e-03
-6.429449999999999749e-03 -7.070540000000000375e-04 1.398099999999999994e-03
-6.448230000000000108e-03 -7.082769999999999951e-04 1.404869999999999904e-03
-6.467009999999999599e-03 -7.094980000000000297e-04 1.411649999999999971e-03
-6.485780000000000017e-03 -7.107150000000000013e-04 1.418430000000000038e-03
-6.504549999999999568e-03 -7.119300000000000498e-04 1.425229999999999986e-03
-6.523310000000000046e-03 -7.131410000000000353e-04 1.432040000000000092e-03
-6.542069999999999656e-03 -7.143499999999999893e-04 1.438859999999999922e-03
-6.560830000000000134e-03 -7.155570000000000203e-04 1.445700000000000067e-03
-6.579589999999999744e-03 -7.167599999999999883e-04 1.452539999999999994e-03
-6.598340000000000281e-03 -7.179610000000000332e-04 1.459390000000000080e-03
-6.617089999999999951e-03 -7.191580000000000151e-04 1.466260000000000046e-03
-6.635829999999999680e-03 -7.203529999999999656e-04 1.473130000000000012e-03
-6.654580000000000217e-03 -7.215449999999999772e-04 1.480020000000000077e-03
-6.673310000000000006e-03 -7.227349999999999573e-04 1.486920000000000082e-03
-6.692049999999999735e-03 -7.239209999999999829e-04 1.493820000000000087e-03
-6.710780000000000391e-03 -7.251049999999999770e-04 1.500739999999999973e-03
-6.729510000000000179e-03 -7.262860000000000323e-04 1.507670000000000017e-03
-6.748230000000000027e-03 -7.274640000000000403e-04 1.514610000000000001e-03
-6.766949999999999875e-03 -7.286390000000000011e-04 1.521570000000000084e-03
-6.785669999999999723e-03 -7.298120000000000388e-04 1.528529999999999949e-03
-6.804389999999999571e-03 -7.309820000000000293e-04 1.535499999999999973e-03
-6.823100000000000345e-03 -7.321479999999999568e-04 1.542490000000000094e-03
-6.841800000000000312e-03 -7.333129999999999770e-04 1.549479999999999998e-03
-6.860510000000000219e-03 -7.344740000000000426e-04 1.556490000000000000e-03
-6.879210000000000186e-03 -7.356319999999999526e-04 1.563509999999999943e-03
-6.897900000000000212e-03 -7.367880000000000479e-04 1.570540000000000044e-03
-6.916600000000000179e-03 -7.379409999999999876e-04 1.577580000000000085e-03
-6.935290000000000205e-03 -7.390909999999999884e-04 1.584630000000000066e-03
-6.953970000000000290e-03 -7.402380000000000505e-04 1.591689999999999989e-03
-6.972660000000000316e-03 -7.413829999999999726e-04 1.598760000000000068e-03
-6.991340000000000401e-03 -7.425240000000000486e-04 1.605840000000000089e-03
-7.010009999999999679e-03 -7.436629999999999846e-04 1.612939999999999990e-03
-7.028650000000000002e-03 -7.446290000000000157e-04 1.620169999999999987e-03
-7.047259999999999636e-03 -7.455110000000000252e-04 1.627479999999999942e-03
-7.065870000000000137e-03 -7.463910000000000032e-04 1.634800000000000055e-03
-7.084479999999999771e-03 -7.472680000000000424e-04 1.642129999999999892e-03
-7.103080000000000331e-03 -7.481420000000000344e-04 1.649459999999999945e-03
-7.121680000000000024e-03 -7.490129999999999792e-04 1.656810000000000097e-03
-7.140269999999999777e-03 -7.498809999999999851e-04 1.664169999999999972e-03
-7.158860000000000397e-03 -7.507469999999999595e-04 1.671549999999999946e-03
-7.177450000000000149e-03 -7.516099999999999951e-04 1.678929999999999919e-03
-7.196029999999999961e-03 -7.524699999999999835e-04 1.686320000000000050e-03
-7.214609999999999773e-03 -7.533270000000000331e-04 1.693730000000000062e-03
-7.233189999999999585e-03 -7.541810000000000354e-04 1.701140000000000074e-03
-7.251760000000000324e-03 -7.550330000000000062e-04 1.708569999999999967e-03
-7.270330000000000195e-03 -7.558820000000000382e-04 1.716000000000000077e-03
-7.288900000000000066e-03 -7.567280000000000230e-04 1.723450000000000069e-03
-7.307459999999999997e-03 -7.575709999999999606e-04 1.730910000000000001e-03
-7.326019999999999928e-03 -7.584119999999999751e-04 1.738380000000000090e-03
-7.344569999999999918e-03 -7.592490000000000350e-04 1.745859999999999903e-03
-7.363119999999999908e-03 -7.600839999999999550e-04 1.753350000000000091e-03
-7.381669999999999898e-03 -7.609160000000000446e-04 1.760850000000000002e-03
-7.400209999999999948e-03 -7.617459999999999943e-04 1.768370000000000011e-03
-7.418749999999999997e-03 -7.625719999999999894e-04 1.775890000000000021e-03
-7.437280000000000106e-03 -7.633959999999999531e-04 1.783419999999999971e-03
-7.455810000000000215e-03 -7.642169999999999779e-04 1.790970000000000019e-03
-7.474340000000000324e-03 -7.650349999999999555e-04 1.798520000000000067e-03
-7.492859999999999625e-03 -7.658499999999999943e-04 1.806089999999999996e-03
-7.511379999999999793e-03 -7.666630000000000016e-04 1.813670000000000082e-03
-7.529899999999999961e-03 -7.674729999999999617e-04 1.821259999999999893e-03
-7.548410000000000189e-03 -7.682799999999999829e-04 1.828860000000000078e-03
-7.566920000000000417e-03 -7.690839999999999569e-04 1.836469999999999986e-03
-7.585419999999999836e-03 -7.698860000000000078e-04 1.844090000000000052e-03
-7.603920000000000123e-03 -7.706839999999999958e-04 1.851720000000000059e-03
-7.622420000000000410e-03 -7.714749999999999820e-04 1.859369999999999946e-03
-7.640909999999999890e-03 -7.722599999999999821e-04 1.867039999999999932e-03
-7.659390000000000295e-03 -7.730410000000000276e-04 1.874720000000000076e-03
-7.677869999999999834e-03 -7.738200000000000417e-04 1.882420000000000100e-03
-7.696350000000000240e-03 -7.745949999999999927e-04 1.890119999999999908e-03
-7.714829999999999778e-03 -7.753690000000000365e-04 1.897840000000000030e-03
-7.733300000000000243e-03 -7.761390000000000173e-04 1.905559999999999936e-03
-7.751759999999999901e-03 -7.769059999999999508e-04 1.913299999999999940e-03
-7.770220000000000425e-03 -7.776709999999999613e-04 1.921050000000000101e-03
-7.788680000000000082e-03 -7.784330000000000329e-04 1.928800000000000046e-03
-7.807139999999999740e-03 -7.791919999999999489e-04 1.936570000000000088e-03
-7.825590000000000324e-03 -7.799490000000000502e-04 1.944350000000000071e-03
-7.844030000000000100e-03 -7.807019999999999802e-04 1.952139999999999995e-03
-7.862469999999999876e-03 -7.814529999999999870e-04 1.959939999999999859e-03
-7.880909999999999652e-03 -7.822009999999999467e-04 1.967749999999999881e-03
-7.899349999999999428e-03 -7.829459999999999675e-04 1.975579999999999784e-03
-7.917779999999999263e-03 -7.836889999999999568e-04 1.983410000000000121e-03
-7.936210000000000833e-03 -7.844290000000000073e-04 1.991249999999999964e-03
-7.954630000000000728e-03 -7.851660000000000106e-04 1.999110000000000123e-03
-7.973050000000000623e-03 -7.858999999999999667e-04 2.006979999999999788e-03
-7.991460000000000577e-03 -7.866309999999999839e-04 2.014849999999999888e-03
-8.009870000000000531e-03 -7.873599999999999696e-04 2.022739999999999868e-03
-8.028280000000000485e-03 -7.880860000000000165e-04 2.030639999999999789e-03
-8.046680000000000499e-03 -7.888090000000000162e-04 2.038550000000000084e-03
-8.065080000000000512e-03 -7.895289999999999687e-04 2.046459999999999946e-03
-8.083480000000000526e-03 -7.902459999999999823e-04 2.054400000000000063e-03
-8.101870000000000599e-03 -7.909609999999999645e-04 2.062340000000000180e-03
-8.120250000000000731e-03 -7.916730000000000078e-04 2.070289999999999804e-03
-8.138640000000000804e-03 -7.923820000000000039e-04 2.078249999999999802e-03
-8.157009999999999261e-03 -7.930889999999999685e-04 2.086220000000000175e-03
-8.175389999999999394e-03 -7.937919999999999785e-04 2.094209999999999995e-03
-8.193759999999999585e-03 -7.944929999999999571e-04 2.102199999999999815e-03
-8.212109999999999896e-03 -7.951660000000000368e-04 2.110240000000000206e-03
-8.230430000000000385e-03 -7.957990000000000289e-04 2.118350000000000181e-03
-8.248739999999999198e-03 -7.964289999999999738e-04 2.126460000000000156e-03
-8.267049999999999746e-03 -7.970569999999999955e-04 2.134590000000000012e-03
-8.285360000000000294e-03 -7.976819999999999701e-04 2.142729999999999808e-03
-8.303659999999999167e-03 -7.983040000000000058e-04 2.150870000000000039e-03
-8.321959999999999774e-03 -7.989229999999999943e-04 2.159030000000000150e-03
-8.340250000000000441e-03 -7.995390000000000439e-04 2.167200000000000203e-03
-8.358539999999999373e-03 -8.001529999999999537e-04 2.175380000000000195e-03
-8.376830000000000040e-03 -8.007640000000000331e-04 2.183570000000000129e-03
-8.395110000000000766e-03 -8.013719999999999568e-04 2.191770000000000003e-03
-8.413379999999999817e-03 -8.019779999999999574e-04 2.199979999999999818e-03
-8.431660000000000543e-03 -8.025800000000000035e-04 2.208209999999999947e-03
-8.449929999999999594e-03 -8.031800000000000181e-04 2.216440000000000077e-03
-8.468190000000000439e-03 -8.037769999999999854e-04 2.224680000000000147e-03
-8.486449999999999549e-03 -8.043720000000000297e-04 2.232940000000000098e-03
-8.504710000000000394e-03 -8.049630000000000110e-04 2.241200000000000050e-03
-8.522959999999999564e-03 -8.055519999999999608e-04 2.249479999999999882e-03
-8.541210000000000468e-03 -8.061379999999999718e-04 2.257770000000000089e-03
-8.559449999999999698e-03 -8.067219999999999513e-04 2.266059999999999863e-03
-8.577690000000000661e-03 -8.073019999999999762e-04 2.274369999999999951e-03
-8.595919999999999950e-03 -8.078799999999999697e-04 2.282689999999999979e-03
-8.614159999999999179e-03 -8.084550000000000243e-04 2.291019999999999949e-03
-8.632380000000000261e-03 -8.090270000000000317e-04 2.299359999999999859e-03
-8.650599999999999609e-03 -8.095970000000000076e-04 2.307710000000000143e-03
-8.668820000000000692e-03 -8.101640000000000447e-04 2.316069999999999934e-03
-8.687040000000000040e-03 -8.107280000000000346e-04 2.324440000000000100e-03
-8.705249999999999447e-03 -8.112889999999999772e-04 2.332820000000000206e-03
-8.723450000000000648e-03 -8.118469999999999810e-04 2.341209999999999819e-03
-8.741650000000000115e-03 -8.124029999999999533e-04 2.349620000000000181e-03
-8.759849999999999581e-03 -8.129559999999999868e-04 2.358030000000000109e-03
-8.778040000000000842e-03 -8.135059999999999731e-04 2.366459999999999918e-03
-8.796230000000000368e-03 -8.140540000000000363e-04 2.374890000000000161e-03
-8.814409999999999953e-03 -8.145980000000000365e-04 2.383339999999999851e-03
-8.832589999999999539e-03 -8.151400000000000052e-04 2.391799999999999916e-03
-8.850770000000000859e-03 -8.156790000000000351e-04 2.400259999999999980e-03
-8.868940000000000504e-03 -8.162160000000000335e-04 2.408739999999999926e-03
-8.887110000000000148e-03 -8.167499999999999847e-04 2.417229999999999813e-03
-8.905269999999999853e-03 -8.172809999999999971e-04 2.425730000000000074e-03
-8.923429999999999557e-03 -8.178089999999999622e-04 2.434239999999999841e-03
-8.941579999999999320e-03 -8.183339999999999885e-04 2.442759999999999983e-03
-8.959730000000000819e-03 -8.188569999999999833e-04 2.451290000000000066e-03
-8.977880000000000582e-03 -8.193770000000000393e-04 2.459830000000000089e-03
-8.996020000000000405e-03 -8.198940000000000481e-04 2.468380000000000053e-03
-9.014150000000000287e-03 -8.204080000000000096e-04 2.476949999999999898e-03
-9.032280000000000170e-03 -8.209200000000000481e-04 2.485520000000000177e-03
-9.050410000000000052e-03 -8.214290000000000393e-04 2.494099999999999963e-03
-9.068539999999999934e-03 -8.219349999999999833e-04 2.502700000000000063e-03
-9.086649999999999935e-03 -8.224379999999999885e-04 2.511300000000000164e-03
-9.104769999999999877e-03 -8.229389999999999622e-04 2.519920000000000146e-03
-9.122879999999999878e-03 -8.234369999999999971e-04 2.528550000000000068e-03
-9.140989999999999879e-03 -8.239319999999999847e-04 2.537179999999999991e-03
-9.159089999999999940e-03 -8.244240000000000335e-04 2.545829999999999795e-03
-9.177180000000000060e-03 -8.249140000000000509e-04 2.554489999999999972e-03
-9.195280000000000120e-03 -8.254010000000000210e-04 2.563160000000000091e-03
-9.213360000000000299e-03 -8.258850000000000522e-04 2.571840000000000150e-03
-9.231450000000000419e-03 -8.263660000000000363e-04 2.580530000000000150e-03
-9.249530000000000599e-03 -8.268449999999999888e-04 2.589230000000000090e-03
-9.267600000000000837e-03 -8.273210000000000026e-04 2.597939999999999972e-03
-9.285669999999999341e-03 -8.277939999999999691e-04 2.606659999999999793e-03
-9.303739999999999580e-03 -8.282650000000000125e-04 2.615399999999999930e-03
-9.321799999999999878e-03 -8.287319999999999930e-04 2.624140000000000066e-03
-9.339860000000000176e-03 -8.291970000000000503e-04 2.632890000000000143e-03
-9.357910000000000533e-03 -8.296589999999999521e-04 2.641660000000000102e-03
-9.375949999999999215e-03 -8.301120000000000373e-04 2.650440000000000001e-03
-9.393959999999999810e-03 -8.305250000000000349e-04 2.659279999999999977e-03
-9.411960000000000465e-03 -8.309349999999999853e-04 2.668139999999999835e-03
-9.429959999999999384e-03 -8.313419999999999968e-04 2.677000000000000126e-03
-9.447960000000000039e-03 -8.317469999999999768e-04 2.685879999999999865e-03
-9.465940000000000812e-03 -8.321480000000000023e-04 2.694769999999999978e-03
-9.483929999999999791e-03 -8.325469999999999962e-04 2.703660000000000091e-03
-9.501910000000000564e-03 -8.329430000000000514e-04 2.712570000000000085e-03
-9.519889999999999602e-03 -8.333369999999999667e-04 2.721490000000000020e-03
-9.537860000000000435e-03 -8.337280000000000515e-04 2.730419999999999896e-03
-9.555829999999999533e-03 -8.341159999999999807e-04 2.739360000000000146e-03
-9.573790000000000425e-03 -8.345009999999999711e-04 2.748309999999999902e-03
-9.591749999999999582e-03 -8.348830000000000227e-04 2.757270000000000033e-03
-9.609700000000000533e-03 -8.352630000000000427e-04 2.766240000000000105e-03
-9.627649999999999750e-03 -8.356400000000000156e-04 2.775220000000000117e-03
-9.645590000000000760e-03 -8.360149999999999569e-04 2.784210000000000070e-03
-9.663530000000000036e-03 -8.363860000000000522e-04 2.793209999999999964e-03
-9.681469999999999312e-03 -8.367550000000000075e-04 2.802230000000000172e-03
-9.699400000000000382e-03 -8.371210000000000239e-04 2.811249999999999947e-03
-9.717319999999999777e-03 -8.374839999999999932e-04 2.820280000000000096e-03
-9.735250000000000847e-03 -8.378450000000000394e-04 2.829330000000000126e-03
-9.753160000000000301e-03 -8.382030000000000383e-04 2.838380000000000156e-03
-9.771069999999999756e-03 -8.385579999999999900e-04 2.847450000000000068e-03
-9.788979999999999210e-03 -8.389110000000000187e-04 2.856519999999999979e-03
-9.806880000000000458e-03 -8.392599999999999843e-04 2.865610000000000206e-03
-9.824779999999999971e-03 -8.396070000000000269e-04 2.874709999999999939e-03
-9.842669999999999544e-03 -8.399520000000000380e-04 2.883810000000000106e-03
-9.860560000000000852e-03 -8.402929999999999861e-04 2.892930000000000154e-03
-9.878450000000000425e-03 -8.406320000000000112e-04 2.902060000000000143e-03
-9.896330000000000057e-03 -8.409679999999999890e-04 2.911200000000000072e-03
-9.914199999999999749e-03 -8.413010000000000280e-04 2.920349999999999942e-03
-9.932069999999999441e-03 -8.416320000000000355e-04 2.929510000000000187e-03
-9.949940000000000867e-03 -8.419599999999999957e-04 2.938679999999999938e-03
-9.967800000000000618e-03 -8.422850000000000172e-04 2.947860000000000064e-03
-9.985650000000000429e-03 -8.426069999999999914e-04 2.957050000000000130e-03
-1.000350000000000024e-02 -8.429270000000000426e-04 2.966250000000000137e-03
-1.002130000000000035e-02 -8.432440000000000465e-04 2.975460000000000084e-03
-1.003919999999999986e-02 -8.435580000000000031e-04 2.984679999999999972e-03
-1.005699999999999997e-02 -8.438700000000000367e-04 2.993920000000000175e-03
-1.007489999999999948e-02 -8.441790000000000231e-04 3.003159999999999944e-03
-1.009269999999999959e-02 -8.444849999999999622e-04 3.012410000000000088e-03
-1.011049999999999970e-02 -8.447879999999999626e-04 3.021680000000000112e-03
-1.012829999999999980e-02 -8.450890000000000398e-04 3.030950000000000137e-03
-1.014609999999999991e-02 -8.453869999999999614e-04 3.040240000000000043e-03
-1.016390000000000002e-02 -8.456820000000000526e-04 3.049529999999999949e-03
-1.018179999999999953e-02 -8.459739999999999881e-04 3.058840000000000170e-03
-1.019959999999999964e-02 -8.462640000000000006e-04 3.068149999999999957e-03
-1.021730000000000034e-02 -8.465509999999999658e-04 3.077480000000000059e-03
-1.023510000000000045e-02 -8.468349999999999923e-04 3.086820000000000102e-03
-1.025290000000000055e-02 -8.471169999999999872e-04 3.096160000000000145e-03
-1.027070000000000066e-02 -8.473960000000000433e-04 3.105520000000000069e-03
-1.028850000000000077e-02 -8.476720000000000522e-04 3.114889999999999933e-03
-1.030619999999999974e-02 -8.479450000000000138e-04 3.124270000000000172e-03
-1.032399999999999984e-02 -8.482160000000000524e-04 3.133659999999999918e-03
-1.034179999999999995e-02 -8.484840000000000437e-04 3.143060000000000038e-03
-1.035950000000000065e-02 -8.487489999999999878e-04 3.152470000000000099e-03
-1.037730000000000076e-02 -8.490120000000000089e-04 3.161890000000000100e-03
-1.039499999999999973e-02 -8.492709999999999669e-04 3.171320000000000042e-03
-1.041279999999999983e-02 -8.495230000000000316e-04 3.180769999999999865e-03
-1.043050000000000054e-02 -8.497609999999999842e-04 3.190259999999999884e-03
-1.044819999999999950e-02 -8.499959999999999981e-04 3.199759999999999844e-03
-1.046580000000000080e-02 -8.502279999999999647e-04 3.209270000000000178e-03
-1.048349999999999976e-02 -8.504569999999999925e-04 3.218799999999999960e-03
-1.050120000000000046e-02 -8.506829999999999730e-04 3.228330000000000175e-03
-1.051889999999999943e-02 -8.509070000000000305e-04 3.237869999999999897e-03
-1.053660000000000013e-02 -8.511280000000000408e-04 3.247419999999999994e-03
-1.055419999999999969e-02 -8.513470000000000195e-04 3.256989999999999972e-03
-1.057190000000000039e-02 -8.515629999999999511e-04 3.266559999999999950e-03
-1.058949999999999995e-02 -8.517760000000000522e-04 3.276139999999999868e-03
-1.060720000000000066e-02 -8.519859999999999977e-04 3.285740000000000102e-03
-1.062489999999999962e-02 -8.521930000000000043e-04 3.295339999999999901e-03
-1.064249999999999918e-02 -8.523979999999999795e-04 3.304960000000000016e-03
-1.066010000000000048e-02 -8.526000000000000158e-04 3.314580000000000130e-03
-1.067779999999999944e-02 -8.528000000000000207e-04 3.324220000000000126e-03
-1.069540000000000074e-02 -8.529969999999999783e-04 3.333860000000000122e-03
-1.071300000000000030e-02 -8.531909999999999971e-04 3.343519999999999999e-03
-1.073059999999999986e-02 -8.533819999999999687e-04 3.353189999999999817e-03
-1.074819999999999942e-02 -8.535710000000000172e-04 3.362860000000000068e-03
-1.076590000000000012e-02 -8.537570000000000185e-04 3.372550000000000200e-03
-1.078349999999999968e-02 -8.539399999999999725e-04 3.382249999999999840e-03
-1.080109999999999924e-02 -8.541199999999999877e-04 3.391949999999999913e-03
-1.081859999999999940e-02 -8.542979999999999715e-04 3.401669999999999867e-03
-1.083620000000000069e-02 -8.544730000000000164e-04 3.411400000000000196e-03
-1.085380000000000025e-02 -8.546460000000000298e-04 3.421140000000000032e-03
-1.087139999999999981e-02 -8.548159999999999960e-04 3.430889999999999808e-03
-1.088899999999999937e-02 -8.549830000000000233e-04 3.440649999999999958e-03
-1.090649999999999953e-02 -8.551470000000000035e-04 3.450420000000000050e-03
-1.092410000000000082e-02 -8.553080000000000448e-04 3.460200000000000081e-03
-1.094170000000000038e-02 -8.554669999999999462e-04 3.469990000000000054e-03
-1.095920000000000054e-02 -8.556240000000000330e-04 3.479789999999999967e-03
-1.097680000000000010e-02 -8.557769999999999483e-04 3.489599999999999820e-03
-1.099430000000000025e-02 -8.559280000000000490e-04 3.499420000000000048e-03
-1.101180000000000041e-02 -8.560759999999999941e-04 3.509250000000000216e-03
-1.102939999999999997e-02 -8.562210000000000003e-04 3.519089999999999892e-03
-1.104690000000000012e-02 -8.563639999999999751e-04 3.528939999999999941e-03
-1.106440000000000028e-02 -8.565040000000000110e-04 3.538809999999999872e-03
-1.108190000000000043e-02 -8.566420000000000154e-04 3.548679999999999803e-03
-1.109949999999999999e-02 -8.567759999999999569e-04 3.558560000000000108e-03
-1.111700000000000015e-02 -8.569079999999999753e-04 3.568449999999999921e-03
-1.113450000000000030e-02 -8.570369999999999464e-04 3.578360000000000048e-03
-1.115200000000000045e-02 -8.571639999999999945e-04 3.588270000000000175e-03
-1.116950000000000061e-02 -8.572879999999999953e-04 3.598200000000000183e-03
-1.118689999999999962e-02 -8.574089999999999490e-04 3.608130000000000191e-03
-1.120439999999999978e-02 -8.575269999999999638e-04 3.618070000000000140e-03
-1.122189999999999993e-02 -8.576429999999999471e-04 3.628029999999999970e-03
-1.123940000000000008e-02 -8.577559999999999915e-04 3.637989999999999800e-03
-1.125680000000000083e-02 -8.578659999999999888e-04 3.647969999999999945e-03
-1.127429999999999925e-02 -8.579739999999999546e-04 3.657950000000000090e-03
-1.129179999999999941e-02 -8.580789999999999815e-04 3.667950000000000117e-03
-1.130920000000000016e-02 -8.581809999999999612e-04 3.677960000000000083e-03
-1.132659999999999917e-02 -8.582810000000000179e-04 3.687970000000000050e-03
-1.134409999999999932e-02 -8.583780000000000273e-04 3.697999999999999898e-03
-1.136150000000000007e-02 -8.584719999999999894e-04 3.708030000000000180e-03
-1.137900000000000023e-02 -8.585640000000000285e-04 3.718079999999999909e-03
-1.139639999999999924e-02 -8.586530000000000204e-04 3.728140000000000013e-03
-1.141379999999999999e-02 -8.587389999999999650e-04 3.738210000000000057e-03
-1.143120000000000074e-02 -8.587659999999999565e-04 3.748340000000000179e-03
-1.144850000000000034e-02 -8.587269999999999929e-04 3.758539999999999884e-03
-1.146589999999999936e-02 -8.586839999999999664e-04 3.768749999999999965e-03
-1.148320000000000070e-02 -8.586390000000000168e-04 3.778969999999999985e-03
-1.150050000000000031e-02 -8.585920000000000357e-04 3.789199999999999947e-03
-1.151789999999999932e-02 -8.585420000000000074e-04 3.799439999999999849e-03
-1.153520000000000066e-02 -8.584890000000000403e-04 3.809690000000000125e-03
-1.155250000000000027e-02 -8.584330000000000259e-04 3.819949999999999908e-03
-1.156979999999999988e-02 -8.583749999999999800e-04 3.830230000000000006e-03
-1.158709999999999948e-02 -8.583139999999999954e-04 3.840510000000000104e-03
-1.160440000000000083e-02 -8.582509999999999792e-04 3.850800000000000143e-03
-1.162170000000000043e-02 -8.581840000000000085e-04 3.861100000000000122e-03
-1.163900000000000004e-02 -8.581150000000000062e-04 3.871410000000000042e-03
-1.165629999999999965e-02 -8.580439999999999725e-04 3.881739999999999843e-03
-1.167349999999999985e-02 -8.579700000000000000e-04 3.892070000000000078e-03
-1.169079999999999946e-02 -8.578929999999999802e-04 3.902409999999999820e-03
-1.170810000000000080e-02 -8.578130000000000217e-04 3.912760000000000370e-03
-1.172529999999999926e-02 -8.577310000000000316e-04 3.923130000000000367e-03
-1.174260000000000061e-02 -8.576459999999999943e-04 3.933500000000000364e-03
-1.175980000000000081e-02 -8.575580000000000182e-04 3.943880000000000302e-03
-1.177710000000000042e-02 -8.574680000000000106e-04 3.954280000000000121e-03
-1.179430000000000062e-02 -8.573749999999999557e-04 3.964679999999999940e-03
-1.181160000000000022e-02 -8.572789999999999621e-04 3.975089999999999700e-03
-1.182880000000000043e-02 -8.571810000000000453e-04 3.985520000000000208e-03
-1.184600000000000063e-02 -8.570799999999999729e-04 3.995949999999999849e-03
-1.186320000000000083e-02 -8.569759999999999617e-04 4.006400000000000239e-03
-1.188039999999999929e-02 -8.568700000000000275e-04 4.016849999999999761e-03
-1.189759999999999950e-02 -8.567610000000000460e-04 4.027310000000000091e-03
-1.191479999999999970e-02 -8.566490000000000172e-04 4.037790000000000303e-03
-1.193199999999999990e-02 -8.565340000000000497e-04 4.048269999999999647e-03
-1.194920000000000010e-02 -8.564170000000000506e-04 4.058769999999999739e-03
-1.196640000000000030e-02 -8.562980000000000201e-04 4.069269999999999832e-03
-1.198360000000000050e-02 -8.561750000000000350e-04 4.079789999999999806e-03
-1.200080000000000070e-02 -8.560500000000000184e-04 4.090309999999999779e-03
-1.201789999999999976e-02 -8.559229999999999703e-04 4.100849999999999634e-03
-1.203509999999999996e-02 -8.557919999999999677e-04 4.111390000000000357e-03
-1.205230000000000017e-02 -8.556590000000000419e-04 4.121950000000000093e-03
-1.206939999999999923e-02 -8.555239999999999763e-04 4.132509999999999829e-03
-1.208659999999999943e-02 -8.553849999999999561e-04 4.143090000000000314e-03
-1.210370000000000022e-02 -8.552440000000000129e-04 4.153669999999999932e-03
-1.212079999999999928e-02 -8.551010000000000381e-04 4.164270000000000298e-03
-1.213799999999999948e-02 -8.549540000000000004e-04 4.174869999999999796e-03
-1.215510000000000028e-02 -8.548050000000000396e-04 4.185490000000000044e-03
-1.217219999999999934e-02 -8.546540000000000473e-04 4.196110000000000291e-03
-1.218930000000000013e-02 -8.544989999999999921e-04 4.206750000000000420e-03
-1.220639999999999920e-02 -8.543420000000000137e-04 4.217389999999999681e-03
-1.222349999999999999e-02 -8.541830000000000039e-04 4.228049999999999690e-03
-1.224060000000000079e-02 -8.540200000000000395e-04 4.238709999999999700e-03
-1.225769999999999985e-02 -8.538559999999999510e-04 4.249389999999999591e-03
-1.227480000000000064e-02 -8.536880000000000163e-04 4.260080000000000290e-03
-1.229189999999999970e-02 -8.535180000000000501e-04 4.270770000000000122e-03
-1.230900000000000050e-02 -8.533450000000000367e-04 4.281479999999999835e-03
-1.232600000000000015e-02 -8.531689999999999760e-04 4.292190000000000415e-03
-1.234309999999999921e-02 -8.529909999999999923e-04 4.302920000000000009e-03
-1.236020000000000001e-02 -8.528099999999999613e-04 4.313660000000000411e-03
-1.237719999999999966e-02 -8.526270000000000073e-04 4.324399999999999945e-03
-1.239430000000000046e-02 -8.524399999999999903e-04 4.335160000000000229e-03
-1.241130000000000011e-02 -8.522519999999999575e-04 4.345919999999999644e-03
-1.242829999999999976e-02 -8.519989999999999855e-04 4.356770000000000261e-03
-1.244520000000000001e-02 -8.517079999999999573e-04 4.367659999999999772e-03
-1.246219999999999967e-02 -8.514139999999999903e-04 4.378570000000000031e-03
-1.247919999999999932e-02 -8.511169999999999760e-04 4.389480000000000291e-03
-1.249609999999999957e-02 -8.508180000000000387e-04 4.400410000000000432e-03
-1.251299999999999982e-02 -8.505160000000000541e-04 4.411339999999999706e-03
-1.252999999999999947e-02 -8.502120000000000380e-04 4.422289999999999728e-03
-1.254689999999999972e-02 -8.499049999999999747e-04 4.433239999999999750e-03
-1.256379999999999997e-02 -8.495949999999999726e-04 4.444199999999999713e-03
-1.258070000000000022e-02 -8.492820000000000317e-04 4.455180000000000425e-03
-1.259769999999999987e-02 -8.489669999999999508e-04 4.466160000000000269e-03
-1.261460000000000012e-02 -8.486499999999999469e-04 4.477159999999999994e-03
-1.263150000000000037e-02 -8.483289999999999885e-04 4.488159999999999719e-03
-1.264840000000000061e-02 -8.480059999999999985e-04 4.499180000000000193e-03
-1.266519999999999972e-02 -8.476809999999999770e-04 4.510199999999999800e-03
-1.268209999999999997e-02 -8.473530000000000168e-04 4.521230000000000214e-03
-1.269900000000000022e-02 -8.470220000000000093e-04 4.532279999999999642e-03
-1.271590000000000047e-02 -8.466879999999999545e-04 4.543329999999999938e-03
-1.273269999999999957e-02 -8.463519999999999767e-04 4.554390000000000174e-03
-1.274959999999999982e-02 -8.460129999999999517e-04 4.565470000000000292e-03
-1.276650000000000007e-02 -8.456720000000000036e-04 4.576550000000000409e-03
-1.278329999999999918e-02 -8.453280000000000082e-04 4.587639999999999600e-03
-1.280010000000000002e-02 -8.449809999999999656e-04 4.598750000000000407e-03
-1.281700000000000027e-02 -8.446309999999999842e-04 4.609860000000000346e-03
-1.283379999999999937e-02 -8.442789999999999713e-04 4.620980000000000226e-03
-1.285060000000000022e-02 -8.439250000000000354e-04 4.632119999999999987e-03
-1.286750000000000047e-02 -8.435680000000000522e-04 4.643259999999999749e-03
-1.288429999999999957e-02 -8.432080000000000217e-04 4.654410000000000318e-03
-1.290110000000000041e-02 -8.428450000000000525e-04 4.665579999999999901e-03
-1.291789999999999952e-02 -8.424800000000000517e-04 4.676750000000000351e-03
-1.293470000000000036e-02 -8.421120000000000038e-04 4.687929999999999875e-03
-1.295149999999999947e-02 -8.417420000000000327e-04 4.699120000000000207e-03
-1.296819999999999917e-02 -8.413690000000000144e-04 4.710330000000000419e-03
-1.298500000000000001e-02 -8.409929999999999489e-04 4.721539999999999765e-03
-1.300180000000000086e-02 -8.406149999999999603e-04 4.732759999999999918e-03
-1.301859999999999996e-02 -8.402340000000000329e-04 4.743990000000000012e-03
-1.303529999999999966e-02 -8.398499999999999499e-04 4.755230000000000047e-03
-1.305210000000000051e-02 -8.394640000000000522e-04 4.766480000000000022e-03
-1.306880000000000021e-02 -8.390749999999999988e-04 4.777749999999999879e-03
-1.308559999999999932e-02 -8.386840000000000224e-04 4.789019999999999735e-03
-1.310230000000000075e-02 -8.382899999999999987e-04 4.800300000000000400e-03
-1.311900000000000045e-02 -8.378930000000000362e-04 4.811590000000000138e-03
-1.313579999999999956e-02 -8.374930000000000265e-04 4.822889999999999816e-03
-1.315249999999999926e-02 -8.370909999999999853e-04 4.834200000000000302e-03
-1.316920000000000070e-02 -8.366870000000000210e-04 4.845519999999999862e-03
-1.318590000000000040e-02 -8.362800000000000095e-04 4.856850000000000230e-03
-1.320260000000000010e-02 -8.358699999999999507e-04 4.868189999999999670e-03
-1.321929999999999980e-02 -8.354569999999999531e-04 4.879539999999999919e-03
-1.323599999999999950e-02 -8.350420000000000325e-04 4.890900000000000108e-03
-1.325269999999999920e-02 -8.346249999999999719e-04 4.902270000000000238e-03
-1.326940000000000064e-02 -8.342039999999999568e-04 4.913650000000000309e-03
-1.328599999999999920e-02 -8.337810000000000187e-04 4.925040000000000320e-03
-1.330270000000000064e-02 -8.333560000000000490e-04 4.936440000000000272e-03
-1.331940000000000034e-02 -8.329280000000000321e-04 4.947850000000000165e-03
-1.333600000000000063e-02 -8.324969999999999679e-04 4.959269999999999998e-03
-1.335270000000000033e-02 -8.320629999999999650e-04 4.970699999999999771e-03
-1.336930000000000063e-02 -8.316270000000000389e-04 4.982140000000000353e-03
-1.338589999999999919e-02 -8.311889999999999730e-04 4.993580000000000067e-03
-1.340249999999999948e-02 -8.307050000000000501e-04 5.005100000000000174e-03
-1.341909999999999978e-02 -8.302070000000000153e-04 5.016650000000000102e-03
-1.343570000000000007e-02 -8.297060000000000416e-04 5.028200000000000031e-03
-1.345219999999999923e-02 -8.292030000000000364e-04 5.039769999999999840e-03
-1.346879999999999952e-02 -8.286969999999999840e-04 5.051339999999999650e-03
-1.348539999999999982e-02 -8.281879999999999927e-04 5.062930000000000208e-03
-1.350190000000000071e-02 -8.276769999999999700e-04 5.074519999999999899e-03
-1.351839999999999986e-02 -8.271630000000000085e-04 5.086120000000000398e-03
-1.353500000000000016e-02 -8.266470000000000155e-04 5.097739999999999910e-03
-1.355149999999999931e-02 -8.261279999999999752e-04 5.109360000000000290e-03
-1.356800000000000020e-02 -8.256059999999999961e-04 5.120989999999999744e-03
-1.358449999999999935e-02 -8.250819999999999856e-04 5.132630000000000005e-03
-1.360109999999999965e-02 -8.245550000000000362e-04 5.144290000000000147e-03
-1.361760000000000054e-02 -8.240259999999999469e-04 5.155950000000000290e-03
-1.363409999999999969e-02 -8.234940000000000272e-04 5.167620000000000373e-03
-1.365060000000000058e-02 -8.229589999999999518e-04 5.179300000000000397e-03
-1.366700000000000033e-02 -8.224219999999999534e-04 5.190990000000000361e-03
-1.368349999999999948e-02 -8.218820000000000162e-04 5.202690000000000266e-03
-1.370000000000000037e-02 -8.213390000000000317e-04 5.214400000000000111e-03
-1.371649999999999953e-02 -8.207940000000000158e-04 5.226119999999999897e-03
-1.373289999999999927e-02 -8.202469999999999683e-04 5.237849999999999624e-03
-1.374940000000000016e-02 -8.196959999999999663e-04 5.249590000000000159e-03
-1.376579999999999991e-02 -8.191430000000000412e-04 5.261339999999999767e-03
-1.378230000000000080e-02 -8.185879999999999762e-04 5.273100000000000183e-03
-1.379870000000000055e-02 -8.180299999999999724e-04 5.284869999999999672e-03
-1.381510000000000030e-02 -8.174690000000000298e-04 5.296649999999999969e-03
-1.383159999999999945e-02 -8.169059999999999473e-04 5.308430000000000266e-03
-1.384799999999999920e-02 -8.163400000000000344e-04 5.320229999999999577e-03
-1.386440000000000068e-02 -8.157719999999999815e-04 5.332039999999999697e-03
-1.388080000000000043e-02 -8.152009999999999899e-04 5.343859999999999756e-03
-1.389720000000000018e-02 -8.146269999999999510e-04 5.355679999999999816e-03
-1.391359999999999993e-02 -8.140509999999999890e-04 5.367519999999999757e-03
-1.392999999999999967e-02 -8.134719999999999798e-04 5.379369999999999638e-03
-1.394639999999999942e-02 -8.128900000000000318e-04 5.391220000000000387e-03
-1.396279999999999917e-02 -8.123060000000000523e-04 5.403090000000000150e-03
-1.397909999999999951e-02 -8.117200000000000413e-04 5.414959999999999912e-03
-1.399549999999999926e-02 -8.111299999999999674e-04 5.426850000000000424e-03
-1.401179999999999960e-02 -8.105389999999999861e-04 5.438740000000000067e-03
-1.402819999999999935e-02 -8.099440000000000502e-04 5.450639999999999652e-03
-1.404449999999999969e-02 -8.093469999999999744e-04 5.462559999999999985e-03
-1.406089999999999944e-02 -8.087479999999999756e-04 5.474480000000000318e-03
-1.407719999999999978e-02 -8.081450000000000222e-04 5.486419999999999665e-03
-1.409350000000000012e-02 -8.075410000000000530e-04 5.498359999999999879e-03
-1.410989999999999987e-02 -8.069330000000000209e-04 5.510310000000000034e-03
-1.412620000000000021e-02 -8.063229999999999573e-04 5.522270000000000130e-03
-1.414250000000000056e-02 -8.057109999999999706e-04 5.534240000000000166e-03
-1.415879999999999916e-02 -8.050960000000000451e-04 5.546220000000000143e-03
-1.417509999999999951e-02 -8.044779999999999640e-04 5.558220000000000001e-03
-1.419139999999999985e-02 -8.038579999999999597e-04 5.570219999999999859e-03
-1.420760000000000078e-02 -8.032350000000000167e-04 5.582229999999999658e-03
-1.422389999999999939e-02 -8.026090000000000264e-04 5.594250000000000264e-03
-1.424019999999999973e-02 -8.019810000000000046e-04 5.606279999999999944e-03
-1.425640000000000067e-02 -8.013509999999999514e-04 5.618309999999999624e-03
-1.427269999999999928e-02 -8.007170000000000520e-04 5.630360000000000052e-03
-1.428899999999999962e-02 -8.000810000000000127e-04 5.642420000000000421e-03
-1.430520000000000055e-02 -7.994430000000000503e-04 5.654489999999999864e-03
-1.432139999999999976e-02 -7.988020000000000407e-04 5.666570000000000114e-03
-1.433770000000000010e-02 -7.981589999999999996e-04 5.678650000000000364e-03
-1.435389999999999930e-02 -7.975359999999999481e-04 5.690749999999999628e-03
-1.437000000000000083e-02 -7.969130000000000050e-04 5.702859999999999700e-03
-1.438620000000000003e-02 -7.962859999999999990e-04 5.714979999999999713e-03
-1.440239999999999923e-02 -7.956569999999999615e-04 5.727109999999999666e-03
-1.441860000000000017e-02 -7.950260000000000009e-04 5.739239999999999620e-03
-1.443469999999999996e-02 -7.943919999999999931e-04 5.751390000000000322e-03
-1.445089999999999916e-02 -7.937559999999999538e-04 5.763540000000000156e-03
-1.446700000000000069e-02 -7.931159999999999599e-04 5.775709999999999872e-03
-1.448319999999999989e-02 -7.924749999999999503e-04 5.787890000000000396e-03
-1.449929999999999969e-02 -7.918299999999999861e-04 5.800070000000000052e-03
-1.451539999999999948e-02 -7.911840000000000062e-04 5.812259999999999649e-03
-1.453160000000000042e-02 -7.905339999999999633e-04 5.824469999999999995e-03
-1.454770000000000021e-02 -7.898819999999999973e-04 5.836680000000000340e-03
-1.456380000000000001e-02 -7.892279999999999998e-04 5.848899999999999759e-03
-1.457989999999999980e-02 -7.885700000000000478e-04 5.861139999999999926e-03
-1.459599999999999960e-02 -7.879109999999999716e-04 5.873380000000000094e-03
-1.461209999999999939e-02 -7.872480000000000493e-04 5.885630000000000202e-03
-1.462819999999999919e-02 -7.865840000000000028e-04 5.897890000000000250e-03
-1.464419999999999958e-02 -7.859160000000000017e-04 5.910160000000000240e-03
-1.466029999999999937e-02 -7.852459999999999692e-04 5.922440000000000170e-03
-1.467639999999999917e-02 -7.845740000000000136e-04 5.934730000000000040e-03
-1.469239999999999956e-02 -7.838979999999999950e-04 5.947029999999999851e-03
-1.470849999999999935e-02 -7.832209999999999606e-04 5.959339999999999603e-03
-1.472449999999999974e-02 -7.825409999999999875e-04 5.971660000000000162e-03
-1.474059999999999954e-02 -7.818579999999999671e-04 5.983979999999999855e-03
-1.475659999999999993e-02 -7.811720000000000079e-04 5.996320000000000296e-03
-1.477260000000000031e-02 -7.804840000000000172e-04 6.008669999999999810e-03
-1.478860000000000070e-02 -7.797939999999999950e-04 6.021020000000000191e-03
-1.480459999999999936e-02 -7.791010000000000340e-04 6.033389999999999587e-03
-1.482069999999999915e-02 -7.784050000000000257e-04 6.045759999999999849e-03
-1.483669999999999954e-02 -7.777069999999999860e-04 6.058149999999999993e-03
-1.485260000000000052e-02 -7.770060000000000074e-04 6.070540000000000137e-03
-1.486859999999999918e-02 -7.763029999999999974e-04 6.082940000000000222e-03
-1.488459999999999957e-02 -7.755970000000000485e-04 6.095360000000000188e-03
-1.490059999999999996e-02 -7.748880000000000524e-04 6.107780000000000153e-03
-1.491660000000000035e-02 -7.741770000000000249e-04 6.120210000000000060e-03
-1.493249999999999959e-02 -7.734639999999999658e-04 6.132649999999999907e-03
-1.494849999999999998e-02 -7.727479999999999679e-04 6.145099999999999694e-03
-1.496439999999999923e-02 -7.720290000000000312e-04 6.157560000000000290e-03
-1.498039999999999962e-02 -7.713079999999999546e-04 6.170029999999999959e-03
-1.499630000000000060e-02 -7.705840000000000476e-04 6.182509999999999568e-03
-1.501219999999999985e-02 -7.698580000000000007e-04 6.194999999999999986e-03
-1.502810000000000083e-02 -7.691290000000000149e-04 6.207500000000000344e-03
-1.504409999999999949e-02 -7.683969999999999819e-04 6.219999999999999835e-03
-1.506000000000000047e-02 -7.676630000000000259e-04 6.232520000000000074e-03
-1.507589999999999972e-02 -7.669270000000000384e-04 6.245050000000000254e-03
-1.509180000000000070e-02 -7.661880000000000036e-04 6.257580000000000434e-03
-1.510769999999999995e-02 -7.654460000000000300e-04 6.270129999999999627e-03
-1.512349999999999979e-02 -7.647020000000000249e-04 6.282679999999999688e-03
-1.513940000000000077e-02 -7.639549999999999726e-04 6.295249999999999631e-03
-1.515530000000000002e-02 -7.632059999999999973e-04 6.307819999999999573e-03
-1.517109999999999986e-02 -7.624669999999999625e-04 6.320400000000000323e-03
-1.518700000000000085e-02 -7.617470000000000100e-04 6.332970000000000266e-03
-1.520280000000000069e-02 -7.610260000000000418e-04 6.345560000000000089e-03
-1.521860000000000053e-02 -7.603010000000000107e-04 6.358149999999999913e-03
-1.523440000000000037e-02 -7.595739999999999480e-04 6.370759999999999618e-03
-1.525020000000000021e-02 -7.588449999999999623e-04 6.383370000000000190e-03
-1.526600000000000006e-02 -7.581130000000000377e-04 6.395989999999999835e-03
-1.528179999999999990e-02 -7.573789999999999733e-04 6.408630000000000229e-03
-1.529759999999999974e-02 -7.566419999999999700e-04 6.421269999999999756e-03
-1.531339999999999958e-02 -7.559020000000000279e-04 6.433920000000000090e-03
-1.532919999999999942e-02 -7.551599999999999459e-04 6.446580000000000366e-03
-1.534489999999999986e-02 -7.544150000000000335e-04 6.459249999999999714e-03
-1.536069999999999970e-02 -7.536679999999999812e-04 6.471929999999999870e-03
-1.537640000000000014e-02 -7.529179999999999900e-04 6.484619999999999967e-03
-1.539219999999999998e-02 -7.521659999999999674e-04 6.497320000000000005e-03
-1.540790000000000042e-02 -7.514110000000000060e-04 6.510020000000000043e-03
-1.542370000000000026e-02 -7.506540000000000131e-04 6.522739999999999962e-03
-1.543940000000000069e-02 -7.498939999999999729e-04 6.535469999999999821e-03
-1.545509999999999939e-02 -7.491309999999999939e-04 6.548199999999999681e-03
-1.547079999999999983e-02 -7.483659999999999835e-04 6.560950000000000289e-03
-1.548650000000000027e-02 -7.475990000000000500e-04 6.573700000000000029e-03
-1.550220000000000070e-02 -7.468289999999999608e-04 6.586459999999999711e-03
-1.551789999999999940e-02 -7.460560000000000412e-04 6.599240000000000141e-03
-1.553359999999999984e-02 -7.452809999999999817e-04 6.612019999999999703e-03
-1.554930000000000027e-02 -7.445039999999999991e-04 6.624810000000000074e-03
-1.556500000000000071e-02 -7.437229999999999536e-04 6.637610000000000385e-03
-1.558060000000000000e-02 -7.429410000000000007e-04 6.650419999999999769e-03
-1.559630000000000044e-02 -7.421549999999999848e-04 6.663239999999999962e-03
-1.561189999999999974e-02 -7.413679999999999532e-04 6.676070000000000094e-03
-1.562759999999999844e-02 -7.405769999999999671e-04 6.688900000000000227e-03
-1.564319999999999947e-02 -7.397839999999999494e-04 6.701750000000000242e-03
-1.565880000000000050e-02 -7.389890000000000087e-04 6.714610000000000196e-03
-1.567450000000000093e-02 -7.381910000000000208e-04 6.727470000000000151e-03
-1.569009999999999849e-02 -7.373910000000000013e-04 6.740349999999999987e-03
-1.570569999999999952e-02 -7.365880000000000431e-04 6.753229999999999823e-03
-1.572130000000000055e-02 -7.357820000000000376e-04 6.766130000000000408e-03
-1.573690000000000158e-02 -7.349740000000000006e-04 6.779030000000000125e-03
-1.575249999999999914e-02 -7.341640000000000405e-04 6.791939999999999783e-03
-1.576810000000000017e-02 -7.333510000000000332e-04 6.804860000000000249e-03
-1.578370000000000120e-02 -7.325349999999999787e-04 6.817789999999999788e-03
-1.579919999999999936e-02 -7.317170000000000011e-04 6.830730000000000135e-03
-1.581480000000000039e-02 -7.308959999999999763e-04 6.843680000000000423e-03
-1.583040000000000141e-02 -7.300730000000000284e-04 6.856639999999999784e-03
-1.584589999999999957e-02 -7.292480000000000490e-04 6.869609999999999952e-03
-1.586140000000000119e-02 -7.284249999999999926e-04 6.882600000000000003e-03
-1.587689999999999935e-02 -7.276010000000000290e-04 6.895599999999999993e-03
-1.589240000000000097e-02 -7.267740000000000181e-04 6.908609999999999925e-03
-1.590789999999999912e-02 -7.259449999999999757e-04 6.921629999999999797e-03
-1.592340000000000075e-02 -7.251129999999999945e-04 6.934659999999999609e-03
-1.593889999999999890e-02 -7.242789999999999818e-04 6.947700000000000230e-03
-1.595430000000000112e-02 -7.234420000000000303e-04 6.960749999999999924e-03
-1.596979999999999927e-02 -7.226020000000000316e-04 6.973810000000000425e-03
-1.598520000000000149e-02 -7.217610000000000171e-04 6.986870000000000060e-03
-1.600069999999999965e-02 -7.209160000000000481e-04 6.999949999999999575e-03
-1.601609999999999839e-02 -7.200690000000000476e-04 7.013029999999999958e-03
-1.603150000000000061e-02 -7.192200000000000155e-04 7.026130000000000222e-03
-1.604699999999999876e-02 -7.183680000000000447e-04 7.039229999999999619e-03
-1.606240000000000098e-02 -7.175130000000000266e-04 7.052339999999999824e-03
-1.607779999999999973e-02 -7.166559999999999771e-04 7.065469999999999910e-03
-1.609319999999999848e-02 -7.157970000000000044e-04 7.078599999999999996e-03
-1.610860000000000070e-02 -7.149349999999999846e-04 7.091740000000000023e-03
-1.612399999999999944e-02 -7.140700000000000259e-04 7.104880000000000050e-03
-1.613940000000000166e-02 -7.132030000000000357e-04 7.118039999999999957e-03
-1.615470000000000100e-02 -7.123340000000000140e-04 7.131209999999999806e-03
-1.617009999999999975e-02 -7.114620000000000536e-04 7.144389999999999595e-03
-1.618549999999999850e-02 -7.105870000000000459e-04 7.157570000000000252e-03
-1.620080000000000131e-02 -7.097100000000000066e-04 7.170769999999999922e-03
-1.621620000000000006e-02 -7.088310000000000444e-04 7.183969999999999592e-03
-1.623149999999999940e-02 -7.079490000000000349e-04 7.197180000000000070e-03
-1.624690000000000162e-02 -7.070639999999999781e-04 7.210410000000000430e-03
-1.626220000000000096e-02 -7.061769999999999983e-04 7.223639999999999922e-03
-1.627750000000000030e-02 -7.052879999999999870e-04 7.236880000000000222e-03
-1.629279999999999964e-02 -7.043950000000000211e-04 7.250129999999999596e-03
-1.630809999999999899e-02 -7.035010000000000395e-04 7.263389999999999777e-03
-1.632339999999999833e-02 -7.026040000000000106e-04 7.276649999999999958e-03
-1.633870000000000114e-02 -7.017040000000000430e-04 7.289930000000000021e-03
-1.635400000000000048e-02 -7.008020000000000438e-04 7.303220000000000024e-03
-1.636929999999999982e-02 -6.998980000000000132e-04 7.316510000000000027e-03
-1.638459999999999916e-02 -6.989910000000000437e-04 7.329819999999999912e-03
-1.639979999999999910e-02 -6.980810000000000270e-04 7.343129999999999796e-03
-1.641509999999999844e-02 -6.971689999999999788e-04 7.356449999999999621e-03
-1.643029999999999838e-02 -6.962539999999999918e-04 7.369780000000000254e-03
-1.644560000000000119e-02 -6.953369999999999733e-04 7.383119999999999961e-03
-1.646080000000000113e-02 -6.944180000000000318e-04 7.396469999999999607e-03
-1.647600000000000106e-02 -6.934960000000000430e-04 7.409830000000000062e-03
-1.649130000000000040e-02 -6.925710000000000069e-04 7.423199999999999590e-03
-1.650650000000000034e-02 -6.916440000000000478e-04 7.436579999999999926e-03
-1.652170000000000027e-02 -6.907909999999999528e-04 7.449919999999999633e-03
-1.653699999999999962e-02 -6.900199999999999563e-04 7.463219999999999577e-03
-1.655219999999999955e-02 -6.892470000000000367e-04 7.476530000000000328e-03
-1.656749999999999889e-02 -6.884719999999999772e-04 7.489850000000000153e-03
-1.658269999999999883e-02 -6.876939999999999789e-04 7.503179999999999919e-03
-1.659789999999999877e-02 -6.869130000000000418e-04 7.516519999999999625e-03
-1.661309999999999870e-02 -6.861299999999999647e-04 7.529870000000000139e-03
-1.662840000000000151e-02 -6.853439999999999489e-04 7.543229999999999727e-03
-1.664360000000000145e-02 -6.845560000000000100e-04 7.556590000000000182e-03
-1.665880000000000138e-02 -6.837660000000000396e-04 7.569969999999999651e-03
-1.667389999999999844e-02 -6.829730000000000219e-04 7.583349999999999987e-03
-1.668909999999999838e-02 -6.821769999999999570e-04 7.596750000000000204e-03
-1.670429999999999832e-02 -6.813789999999999691e-04 7.610150000000000421e-03
-1.671950000000000172e-02 -6.805780000000000423e-04 7.623559999999999712e-03
-1.673459999999999878e-02 -6.797749999999999756e-04 7.636979999999999810e-03
-1.674979999999999872e-02 -6.789699999999999859e-04 7.650409999999999849e-03
-1.676499999999999865e-02 -6.781619999999999489e-04 7.663849999999999829e-03
-1.678009999999999918e-02 -6.773509999999999731e-04 7.677299999999999749e-03
-1.679519999999999971e-02 -6.765379999999999658e-04 7.690749999999999670e-03
-1.681039999999999965e-02 -6.757230000000000354e-04 7.704220000000000339e-03
-1.682550000000000018e-02 -6.749049999999999494e-04 7.717690000000000140e-03
-1.684060000000000071e-02 -6.740840000000000330e-04 7.731179999999999823e-03
-1.685570000000000124e-02 -6.732609999999999767e-04 7.744670000000000373e-03
-1.687079999999999830e-02 -6.724359999999999973e-04 7.758169999999999997e-03
-1.688589999999999883e-02 -6.716079999999999706e-04 7.771680000000000428e-03
-1.690099999999999936e-02 -6.707780000000000209e-04 7.785199999999999933e-03
-1.691609999999999989e-02 -6.699450000000000240e-04 7.798730000000000245e-03
-1.693110000000000101e-02 -6.691089999999999798e-04 7.812269999999999631e-03
-1.694620000000000154e-02 -6.682710000000000126e-04 7.825820000000000692e-03
-1.696129999999999860e-02 -6.674310000000000138e-04 7.839370000000000019e-03
-1.697629999999999972e-02 -6.665879999999999679e-04 7.852939999999999227e-03
-1.699140000000000025e-02 -6.657429999999999988e-04 7.866510000000000169e-03
-1.700640000000000138e-02 -6.648949999999999826e-04 7.880089999999999317e-03
-1.702139999999999903e-02 -6.640450000000000432e-04 7.893680000000000141e-03
-1.703640000000000015e-02 -6.631919999999999482e-04 7.907290000000000846e-03
-1.705150000000000068e-02 -6.623370000000000386e-04 7.920889999999999875e-03
-1.706649999999999834e-02 -6.614789999999999733e-04 7.934510000000000521e-03
-1.708149999999999946e-02 -6.606189999999999849e-04 7.948139999999999372e-03
-1.709650000000000059e-02 -6.597559999999999493e-04 7.961779999999999899e-03
-1.711150000000000171e-02 -6.588909999999999906e-04 7.975420000000000426e-03
-1.712639999999999996e-02 -6.580240000000000004e-04 7.989080000000000834e-03
-1.714140000000000108e-02 -6.571529999999999472e-04 8.002739999999999507e-03
-1.715639999999999873e-02 -6.562809999999999868e-04 8.016409999999999855e-03
-1.717130000000000045e-02 -6.554069999999999948e-04 8.030100000000000085e-03
-1.718630000000000158e-02 -6.545579999999999628e-04 8.043770000000000434e-03
-1.720119999999999982e-02 -6.537070000000000077e-04 8.057450000000000723e-03
-1.721620000000000095e-02 -6.528560000000000526e-04 8.071129999999999277e-03
-1.723109999999999919e-02 -6.520039999999999733e-04 8.084829999999999448e-03
-1.724600000000000091e-02 -6.511499999999999710e-04 8.098529999999999618e-03
-1.726099999999999857e-02 -6.502949999999999529e-04 8.112249999999999669e-03
-1.727590000000000028e-02 -6.494390000000000275e-04 8.125969999999999721e-03
-1.729079999999999853e-02 -6.485809999999999622e-04 8.139699999999999713e-03
-1.730570000000000025e-02 -6.477230000000000053e-04 8.153429999999999706e-03
-1.732059999999999850e-02 -6.468630000000000170e-04 8.167179999999999579e-03
-1.733540000000000081e-02 -6.460020000000000128e-04 8.180929999999999452e-03
-1.735029999999999906e-02 -6.451399999999999930e-04 8.194689999999999266e-03
-1.736520000000000077e-02 -6.442769999999999574e-04 8.208460000000000756e-03
-1.738009999999999902e-02 -6.434130000000000144e-04 8.222230000000000510e-03
-1.739490000000000133e-02 -6.425470000000000400e-04 8.236020000000000146e-03
-1.740979999999999958e-02 -6.416800000000000498e-04 8.249809999999999782e-03
-1.742459999999999842e-02 -6.408120000000000439e-04 8.263609999999999359e-03
-1.743940000000000073e-02 -6.399430000000000222e-04 8.277420000000000611e-03
-1.745429999999999898e-02 -6.390729999999999848e-04 8.291240000000000068e-03
-1.746910000000000129e-02 -6.382010000000000243e-04 8.305059999999999526e-03
-1.748390000000000014e-02 -6.373289999999999554e-04 8.318900000000000600e-03
-1.749869999999999898e-02 -6.364549999999999635e-04 8.332739999999999939e-03
-1.751350000000000129e-02 -6.355799999999999558e-04 8.346589999999999218e-03
-1.752830000000000013e-02 -6.347030000000000250e-04 8.360440000000000232e-03
-1.754309999999999897e-02 -6.338259999999999858e-04 8.374309999999999393e-03
-1.755790000000000128e-02 -6.329470000000000235e-04 8.388180000000000289e-03
-1.757260000000000072e-02 -6.320679999999999528e-04 8.402059999999999390e-03
-1.758739999999999956e-02 -6.311869999999999590e-04 8.415950000000000167e-03
-1.760219999999999840e-02 -6.303049999999999495e-04 8.429849999999999149e-03
-1.761690000000000131e-02 -6.294210000000000169e-04 8.443759999999999807e-03
-1.763170000000000015e-02 -6.285369999999999759e-04 8.457670000000000465e-03
-1.764639999999999959e-02 -6.276510000000000119e-04 8.471589999999999329e-03
-1.766109999999999902e-02 -6.267640000000000320e-04 8.485519999999999868e-03
-1.767579999999999846e-02 -6.258760000000000365e-04 8.499460000000000348e-03
-1.769060000000000077e-02 -6.249870000000000252e-04 8.513400000000000828e-03
-1.770530000000000020e-02 -6.240969999999999981e-04 8.527359999999999454e-03
-1.771999999999999964e-02 -6.232050000000000480e-04 8.541319999999999815e-03
-1.773469999999999908e-02 -6.223129999999999894e-04 8.555290000000000117e-03
