0.000000000000000000e+00 -4.020000000000000180e-18 -2.810000000000000070e-18
-2.797119999999999996e-06 -1.979999999999999863e-08 -3.019999999999999779e-07
-5.377130000000000134e-06 -8.480000000000000495e-08 -2.110000000000000127e-06
-7.962699999999999165e-06 -2.210000000000000069e-07 -4.069999999999999996e-06
-1.130390000000000031e-05 -5.360000000000000350e-07 -4.920000000000000328e-06
-1.419909999999999929e-05 -6.789999999999999788e-07 -5.609999999999999651e-06
-1.708100000000000129e-05 -8.619999999999999631e-07 -6.770000000000000403e-06
-2.004669999999999900e-05 -1.100000000000000056e-06 -7.900000000000000595e-06
-2.314110000000000109e-05 -2.139999999999999840e-06 -8.450000000000000412e-06
-2.628820000000000015e-05 -2.640000000000000135e-06 -9.180000000000000199e-06
-2.940099999999999853e-05 -2.979999999999999844e-06 -1.009999999999999986e-05
-3.245890000000000190e-05 -3.369999999999999922e-06 -1.079999999999999993e-05
-3.544670000000000064e-05 -3.809999999999999944e-06 -1.139999999999999927e-05
-3.832909999999999865e-05 -4.289999999999999584e-06 -1.200000000000000030e-05
-4.082750000000000170e-05 -4.799999999999999783e-06 -1.259999999999999964e-05
-4.237830000000000047e-05 -5.309999999999999982e-06 -1.309999999999999994e-05
-4.501480000000000140e-05 -5.839999999999999990e-06 -1.360000000000000023e-05
-4.756919999999999850e-05 -6.360000000000000093e-06 -1.410000000000000053e-05
-5.007779999999999681e-05 -6.839999999999999733e-06 -1.439999999999999935e-05
-5.255989999999999800e-05 -7.300000000000000411e-06 -1.480000000000000060e-05
-5.502400000000000037e-05 -7.730000000000000529e-06 -1.509999999999999942e-05
-5.744249999999999763e-05 -8.110000000000000279e-06 -1.540000000000000163e-05
-5.981059999999999957e-05 -8.430000000000000603e-06 -1.569999999999999876e-05
-6.213450000000000624e-05 -8.709999999999999616e-06 -1.599999999999999928e-05
-6.444439999999999576e-05 -8.950000000000000707e-06 -1.620000000000000075e-05
-6.677849999999999769e-05 -9.200000000000000007e-06 -1.639999999999999883e-05
-6.917450000000000660e-05 -9.490000000000000619e-06 -1.660000000000000031e-05
-7.162469999999999883e-05 -9.819999999999999153e-06 -1.679999999999999839e-05
-7.414859999999999680e-05 -1.020000000000000060e-05 -1.699999999999999987e-05
-7.674069999999999525e-05 -1.060000000000000016e-05 -1.709999999999999891e-05
-7.937429999999999659e-05 -1.110000000000000045e-05 -1.720000000000000134e-05
-8.204380000000000212e-05 -1.160000000000000075e-05 -1.739999999999999942e-05
-8.476400000000000362e-05 -1.209999999999999935e-05 -1.749999999999999847e-05
-8.753780000000000068e-05 -1.259999999999999964e-05 -1.769999999999999994e-05
-9.063359999999999906e-05 -1.309999999999999994e-05 -1.779999999999999898e-05
-9.459419999999999634e-05 -1.369999999999999927e-05 -1.790000000000000141e-05
-9.823720000000000195e-05 -1.419999999999999957e-05 -1.790000000000000141e-05
-1.015580000000000058e-04 -1.480000000000000060e-05 -1.800000000000000046e-05
-1.044620000000000037e-04 -1.529999999999999920e-05 -1.809999999999999950e-05
-1.072690000000000058e-04 -1.580000000000000119e-05 -1.809999999999999950e-05
-1.100409999999999989e-04 -1.629999999999999979e-05 -1.819999999999999854e-05
-1.127630000000000044e-04 -1.669999999999999935e-05 -1.819999999999999854e-05
-1.154469999999999943e-04 -1.720000000000000134e-05 -1.819999999999999854e-05
-1.180830000000000009e-04 -1.760000000000000090e-05 -1.819999999999999854e-05
-1.206740000000000037e-04 -1.800000000000000046e-05 -1.819999999999999854e-05
-1.232150000000000053e-04 -1.840000000000000001e-05 -1.830000000000000097e-05
-1.257200000000000093e-04 -1.879999999999999957e-05 -1.819999999999999854e-05
-1.281739999999999963e-04 -1.910000000000000009e-05 -1.819999999999999854e-05
-1.305610000000000125e-04 -1.949999999999999965e-05 -1.809999999999999950e-05
-1.329059999999999909e-04 -1.980000000000000016e-05 -1.809999999999999950e-05
-1.352140000000000102e-04 -2.010000000000000068e-05 -1.809999999999999950e-05
-1.375140000000000119e-04 -2.050000000000000024e-05 -1.800000000000000046e-05
-1.398369999999999962e-04 -2.089999999999999980e-05 -1.800000000000000046e-05
-1.422080000000000045e-04 -2.129999999999999935e-05 -1.800000000000000046e-05
-1.446390000000000089e-04 -2.169999999999999891e-05 -1.790000000000000141e-05
-1.471379999999999997e-04 -2.220000000000000090e-05 -1.790000000000000141e-05
-1.496969999999999865e-04 -2.260000000000000046e-05 -1.790000000000000141e-05
-1.523170000000000123e-04 -2.309999999999999906e-05 -1.779999999999999898e-05
-1.549800000000000103e-04 -2.349999999999999862e-05 -1.779999999999999898e-05
-1.576779999999999903e-04 -2.400000000000000061e-05 -1.769999999999999994e-05
-1.604149999999999879e-04 -2.440000000000000017e-05 -1.769999999999999994e-05
-1.631880000000000103e-04 -2.479999999999999972e-05 -1.760000000000000090e-05
-1.659839999999999883e-04 -2.519999999999999928e-05 -1.749999999999999847e-05
-1.687939999999999970e-04 -2.549999999999999980e-05 -1.749999999999999847e-05
-1.716020000000000013e-04 -2.589999999999999936e-05 -1.739999999999999942e-05
-1.743969999999999906e-04 -2.619999999999999987e-05 -1.730000000000000038e-05
-1.771739999999999947e-04 -2.659999999999999943e-05 -1.720000000000000134e-05
-1.799150000000000011e-04 -2.689999999999999995e-05 -1.709999999999999891e-05
-1.826239999999999916e-04 -2.729999999999999951e-05 -1.699999999999999987e-05
-1.852939999999999915e-04 -2.769999999999999906e-05 -1.690000000000000082e-05
-1.879259999999999893e-04 -2.809999999999999862e-05 -1.679999999999999839e-05
-1.905099999999999903e-04 -2.839999999999999914e-05 -1.669999999999999935e-05
-1.930380000000000041e-04 -2.879999999999999870e-05 -1.660000000000000031e-05
-1.955260000000000114e-04 -2.920000000000000164e-05 -1.650000000000000127e-05
-1.979870000000000002e-04 -2.960000000000000120e-05 -1.650000000000000127e-05
-2.004379999999999942e-04 -2.989999999999999833e-05 -1.639999999999999883e-05
-2.028999999999999988e-04 -3.030000000000000128e-05 -1.629999999999999979e-05
-2.053889999999999947e-04 -3.070000000000000083e-05 -1.620000000000000075e-05
-2.079120000000000111e-04 -3.109999999999999700e-05 -1.609999999999999832e-05
-2.104630000000000075e-04 -3.149999999999999995e-05 -1.599999999999999928e-05
-2.130490000000000129e-04 -3.190000000000000290e-05 -1.590000000000000023e-05
-2.156740000000000089e-04 -3.229999999999999907e-05 -1.580000000000000119e-05
-2.183370000000000070e-04 -3.259999999999999958e-05 -1.569999999999999876e-05
-2.210349999999999869e-04 -3.300000000000000253e-05 -1.559999999999999972e-05
-2.237630000000000055e-04 -3.339999999999999870e-05 -1.550000000000000068e-05
-2.265079999999999936e-04 -3.380000000000000165e-05 -1.540000000000000163e-05
-2.292720000000000099e-04 -3.410000000000000216e-05 -1.529999999999999920e-05
-2.320350000000000103e-04 -3.449999999999999833e-05 -1.520000000000000016e-05
-2.347980000000000108e-04 -3.479999999999999885e-05 -1.500000000000000038e-05
-2.375429999999999989e-04 -3.509999999999999936e-05 -1.489999999999999964e-05
-2.402679999999999974e-04 -3.550000000000000231e-05 -1.480000000000000060e-05
-2.429660000000000044e-04 -3.580000000000000283e-05 -1.460000000000000082e-05
-2.456299999999999911e-04 -3.619999999999999900e-05 -1.450000000000000009e-05
-2.482620000000000161e-04 -3.649999999999999951e-05 -1.439999999999999935e-05
-2.508640000000000024e-04 -3.680000000000000003e-05 -1.430000000000000031e-05
-2.534379999999999814e-04 -3.720000000000000298e-05 -1.419999999999999957e-05
-2.559929999999999866e-04 -3.759999999999999915e-05 -1.399999999999999979e-05
-2.585330000000000267e-04 -3.789999999999999966e-05 -1.390000000000000075e-05
-2.610690000000000037e-04 -3.830000000000000261e-05 -1.380000000000000001e-05
-2.636110000000000211e-04 -3.869999999999999878e-05 -1.369999999999999927e-05
-2.661709999999999966e-04 -3.910000000000000172e-05 -1.360000000000000023e-05
-2.687540000000000089e-04 -3.949999999999999789e-05 -1.349999999999999949e-05
-2.713680000000000215e-04 -3.990000000000000084e-05 -1.340000000000000045e-05
-2.740139999999999959e-04 -4.029999999999999701e-05 -1.329999999999999972e-05
-2.766919999999999861e-04 -4.069999999999999996e-05 -1.320000000000000067e-05
-2.793979999999999836e-04 -4.100000000000000047e-05 -1.299999999999999920e-05
-2.821270000000000180e-04 -4.139999999999999664e-05 -1.290000000000000016e-05
-2.848700000000000017e-04 -4.169999999999999716e-05 -1.279999999999999942e-05
-2.876220000000000187e-04 -4.199999999999999768e-05 -1.259999999999999964e-05
-2.903709999999999885e-04 -4.229999999999999819e-05 -1.239999999999999986e-05
-2.930979999999999914e-04 -4.259999999999999871e-05 -1.220000000000000008e-05
-2.958169999999999767e-04 -4.279999999999999679e-05 -1.180000000000000052e-05
-2.985129999999999793e-04 -4.309999999999999731e-05 -1.150000000000000001e-05
-3.011800000000000132e-04 -4.339999999999999782e-05 -1.130000000000000023e-05
-3.038639999999999896e-04 -4.319999999999999974e-05 -9.789999999999999441e-06
-3.065259999999999990e-04 -4.240000000000000062e-05 -6.150000000000000410e-06
-3.091270000000000237e-04 -4.250000000000000305e-05 -5.370000000000000255e-06
-3.117069999999999889e-04 -4.300000000000000165e-05 -5.519999999999999666e-06
-3.142829999999999994e-04 -4.339999999999999782e-05 -5.689999999999999732e-06
-3.168679999999999891e-04 -4.390000000000000320e-05 -5.830000000000000086e-06
-3.194639999999999893e-04 -4.429999999999999937e-05 -5.959999999999999688e-06
-3.220780000000000019e-04 -4.470000000000000232e-05 -6.070000000000000329e-06
-3.247100000000000268e-04 -4.520000000000000092e-05 -6.170000000000000218e-06
-3.273549999999999854e-04 -4.559999999999999709e-05 -6.250000000000000300e-06
-3.300140000000000018e-04 -4.600000000000000004e-05 -6.319999999999999629e-06
-3.326870000000000218e-04 -4.640000000000000298e-05 -6.379999999999999902e-06
-3.353729999999999754e-04 -4.679999999999999915e-05 -6.420000000000000366e-06
-3.380689999999999780e-04 -4.720000000000000210e-05 -6.450000000000000079e-06
-3.407710000000000209e-04 -4.750000000000000262e-05 -6.469999999999999887e-06
-3.434760000000000027e-04 -4.789999999999999879e-05 -6.489999999999999696e-06
-3.461779999999999914e-04 -4.830000000000000173e-05 -6.499999999999999600e-06
-3.488690000000000237e-04 -4.869999999999999790e-05 -6.499999999999999600e-06
-3.515500000000000070e-04 -4.910000000000000085e-05 -6.489999999999999696e-06
-3.542160000000000252e-04 -4.949999999999999702e-05 -6.479999999999999791e-06
-3.568700000000000171e-04 -4.979999999999999753e-05 -6.440000000000000174e-06
-3.595149999999999756e-04 -5.020000000000000048e-05 -6.420000000000000366e-06
-3.621520000000000251e-04 -5.069999999999999908e-05 -6.420000000000000366e-06
-3.647759999999999783e-04 -5.110000000000000203e-05 -6.420000000000000366e-06
-3.673939999999999997e-04 -5.149999999999999820e-05 -6.399999999999999710e-06
-3.700110000000000053e-04 -5.190000000000000115e-05 -6.369999999999999998e-06
-3.726329999999999812e-04 -5.229999999999999732e-05 -6.330000000000000381e-06
-3.752620000000000131e-04 -5.259999999999999783e-05 -6.289999999999999917e-06
-3.778979999999999926e-04 -5.300000000000000078e-05 -6.250000000000000300e-06
-3.805430000000000054e-04 -5.339999999999999695e-05 -6.190000000000000027e-06
-3.831950000000000200e-04 -5.379999999999999989e-05 -6.129999999999999754e-06
-3.858549999999999979e-04 -5.410000000000000041e-05 -6.070000000000000329e-06
-3.885229999999999934e-04 -5.450000000000000336e-05 -6.000000000000000152e-06
-3.911969999999999749e-04 -5.489999999999999953e-05 -5.920000000000000071e-06
-3.938769999999999966e-04 -5.520000000000000004e-05 -5.839999999999999990e-06
-3.965609999999999730e-04 -5.560000000000000299e-05 -5.750000000000000004e-06
-3.992450000000000035e-04 -5.599999999999999916e-05 -5.669999999999999923e-06
-4.019310000000000114e-04 -5.629999999999999968e-05 -5.570000000000000034e-06
-4.046149999999999877e-04 -5.670000000000000262e-05 -5.480000000000000048e-06
-4.072939999999999937e-04 -5.709999999999999879e-05 -5.390000000000000063e-06
-4.099710000000000225e-04 -5.739999999999999931e-05 -5.290000000000000174e-06
-4.126399999999999795e-04 -5.780000000000000225e-05 -5.200000000000000188e-06
-4.153030000000000046e-04 -5.819999999999999843e-05 -5.100000000000000299e-06
-4.179599999999999895e-04 -5.849999999999999894e-05 -5.010000000000000313e-06
-4.206130000000000198e-04 -5.890000000000000189e-05 -4.920000000000000328e-06
-4.232589999999999942e-04 -5.929999999999999806e-05 -4.819999999999999591e-06
-4.259019999999999755e-04 -5.959999999999999857e-05 -4.729999999999999606e-06
-4.285439999999999952e-04 -6.000000000000000152e-05 -4.629999999999999716e-06
-4.311839999999999835e-04 -6.039999999999999769e-05 -4.529999999999999827e-06
-4.338249999999999875e-04 -6.069999999999999821e-05 -4.429999999999999937e-06
-4.364710000000000161e-04 -6.109999999999999438e-05 -4.330000000000000048e-06
-4.391180000000000062e-04 -6.140000000000000167e-05 -4.220000000000000254e-06
-4.417789999999999998e-04 -6.179999999999999784e-05 -4.109999999999999613e-06
-4.444440000000000023e-04 -6.210000000000000513e-05 -3.989999999999999915e-06
-4.471090000000000047e-04 -6.250000000000000130e-05 -3.880000000000000121e-06
-4.497829999999999862e-04 -6.279999999999999504e-05 -3.759999999999999999e-06
-4.524560000000000062e-04 -6.320000000000000476e-05 -3.639999999999999878e-06
-4.551310000000000034e-04 -6.349999999999999850e-05 -3.509999999999999852e-06
-4.578070000000000164e-04 -6.389999999999999467e-05 -3.390000000000000154e-06
-4.604809999999999980e-04 -6.420000000000000197e-05 -3.270000000000000032e-06
-4.631500000000000092e-04 -6.459999999999999814e-05 -3.140000000000000006e-06
-4.658180000000000046e-04 -6.490000000000000543e-05 -3.019999999999999885e-06
-4.684870000000000158e-04 -6.530000000000000160e-05 -2.889999999999999859e-06
-4.711560000000000270e-04 -6.559999999999999534e-05 -2.770000000000000161e-06
-4.738230000000000068e-04 -6.600000000000000506e-05 -2.640000000000000135e-06
-4.764880000000000092e-04 -6.629999999999999880e-05 -2.520000000000000013e-06
-4.791530000000000116e-04 -6.669999999999999497e-05 -2.389999999999999987e-06
-4.818180000000000141e-04 -6.700000000000000226e-05 -2.259999999999999961e-06
-4.844830000000000165e-04 -6.729999999999999600e-05 -2.139999999999999840e-06
-4.871480000000000189e-04 -6.770000000000000572e-05 -2.009999999999999814e-06
-4.898139999999999829e-04 -6.799999999999999946e-05 -1.880000000000000000e-06
-4.924789999999999853e-04 -6.839999999999999563e-05 -1.749999999999999974e-06
-4.951450000000000035e-04 -6.870000000000000293e-05 -1.619999999999999948e-06
-4.978130000000000532e-04 -6.909999999999999910e-05 -1.489999999999999922e-06
-5.004809999999999945e-04 -6.940000000000000639e-05 -1.359999999999999896e-06
-5.031490000000000441e-04 -6.970000000000000013e-05 -1.230000000000000082e-06
-5.058180000000000011e-04 -7.009999999999999630e-05 -1.100000000000000056e-06
-5.084860000000000508e-04 -7.040000000000000359e-05 -9.640000000000000030e-07
-5.111539999999999920e-04 -7.079999999999999976e-05 -8.309999999999999635e-07
-5.138220000000000417e-04 -7.109999999999999350e-05 -6.980000000000000298e-07
-5.164909999999999987e-04 -7.140000000000000079e-05 -5.640000000000000211e-07
-5.191609999999999715e-04 -7.179999999999999696e-05 -4.300000000000000123e-07
-5.218319999999999599e-04 -7.210000000000000425e-05 -2.960000000000000035e-07
-5.245020000000000411e-04 -7.239999999999999799e-05 -1.609999999999999991e-07
-5.271730000000000296e-04 -7.279999999999999416e-05 -2.520000000000000066e-08
-5.298430000000000023e-04 -7.310000000000000146e-05 1.110000000000000013e-07
-5.325139999999999908e-04 -7.339999999999999520e-05 2.469999999999999751e-07
-5.351839999999999636e-04 -7.380000000000000492e-05 3.829999999999999753e-07
-5.378559999999999678e-04 -7.409999999999999866e-05 5.199999999999999976e-07
-5.405300000000000035e-04 -7.440000000000000595e-05 6.549999999999999757e-07
-5.432040000000000392e-04 -7.480000000000000212e-05 7.910000000000000288e-07
-5.458779999999999666e-04 -7.509999999999999586e-05 9.280000000000000512e-07
-5.485520000000000023e-04 -7.540000000000000315e-05 1.060000000000000016e-06
-5.512260000000000380e-04 -7.579999999999999932e-05 1.199999999999999946e-06
-5.538999999999999653e-04 -7.610000000000000661e-05 1.340000000000000088e-06
-5.565740000000000010e-04 -7.640000000000000035e-05 1.480000000000000018e-06
-5.592470000000000210e-04 -7.679999999999999652e-05 1.619999999999999948e-06
-5.619209999999999483e-04 -7.710000000000000382e-05 1.749999999999999974e-06
-5.645949999999999840e-04 -7.739999999999999756e-05 1.889999999999999904e-06
-5.672690000000000198e-04 -7.779999999999999373e-05 2.030000000000000046e-06
-5.699429999999999471e-04 -7.810000000000000102e-05 2.169999999999999976e-06
-5.726169999999999828e-04 -7.839999999999999476e-05 2.309999999999999906e-06
-5.752910000000000185e-04 -7.870000000000000205e-05 2.449999999999999836e-06
-5.779640000000000385e-04 -7.909999999999999822e-05 2.600000000000000094e-06
-5.806389999999999815e-04 -7.940000000000000551e-05 2.740000000000000024e-06
-5.833169999999999718e-04 -7.969999999999999925e-05 2.870000000000000050e-06
-5.859949999999999621e-04 -8.009999999999999542e-05 3.009999999999999980e-06
-5.886729999999999524e-04 -8.040000000000000271e-05 3.149999999999999910e-06
-5.913510000000000511e-04 -8.069999999999999645e-05 3.289999999999999841e-06
-5.940290000000000414e-04 -8.100000000000000375e-05 3.430000000000000194e-06
-5.967070000000000317e-04 -8.139999999999999992e-05 3.570000000000000124e-06
-5.993850000000000219e-04 -8.169999999999999366e-05 3.710000000000000054e-06
-6.020630000000000122e-04 -8.200000000000000095e-05 3.860000000000000312e-06
-6.047410000000000025e-04 -8.229999999999999469e-05 3.999999999999999819e-06
-6.074189999999999928e-04 -8.260000000000000198e-05 4.140000000000000173e-06
-6.100969999999999831e-04 -8.299999999999999815e-05 4.279999999999999679e-06
-6.127749999999999734e-04 -8.330000000000000544e-05 4.429999999999999937e-06
-6.154529999999999636e-04 -8.359999999999999918e-05 4.570000000000000291e-06
-6.181300000000000466e-04 -8.390000000000000647e-05 4.709999999999999797e-06
-6.208080000000000369e-04 -8.430000000000000264e-05 4.860000000000000055e-06
-6.234879999999999502e-04 -8.459999999999999638e-05 5.000000000000000409e-06
-6.261730000000000507e-04 -8.490000000000000368e-05 5.139999999999999916e-06
-6.288589999999999501e-04 -8.519999999999999742e-05 5.280000000000000269e-06
-6.315440000000000506e-04 -8.550000000000000471e-05 5.419999999999999776e-06
-6.342290000000000427e-04 -8.590000000000000088e-05 5.560000000000000130e-06
-6.369150000000000506e-04 -8.619999999999999462e-05 5.699999999999999636e-06
-6.396000000000000426e-04 -8.650000000000000191e-05 5.839999999999999990e-06
-6.422860000000000505e-04 -8.679999999999999565e-05 5.980000000000000343e-06
-6.449710000000000425e-04 -8.710000000000000294e-05 6.119999999999999850e-06
-6.476560000000000346e-04 -8.749999999999999911e-05 6.260000000000000204e-06
-6.503410000000000267e-04 -8.780000000000000640e-05 6.399999999999999710e-06
-6.530270000000000345e-04 -8.810000000000000014e-05 6.549999999999999968e-06
-6.557120000000000266e-04 -8.839999999999999388e-05 6.690000000000000322e-06
-6.583970000000000187e-04 -8.870000000000000117e-05 6.829999999999999829e-06
-6.610830000000000265e-04 -8.899999999999999491e-05 6.980000000000000086e-06
-6.637680000000000186e-04 -8.940000000000000464e-05 7.119999999999999593e-06
-6.664530000000000107e-04 -8.969999999999999838e-05 7.269999999999999851e-06
-6.691380000000000028e-04 -9.000000000000000567e-05 7.410000000000000205e-06
-6.718229999999999948e-04 -9.029999999999999941e-05 7.559999999999999616e-06
-6.745090000000000027e-04 -9.060000000000000670e-05 7.700000000000000816e-06
-6.771939999999999947e-04 -9.090000000000000044e-05 7.849999999999999380e-06
-6.798789999999999868e-04 -9.129999999999999661e-05 7.999999999999999638e-06
-6.825639999999999789e-04 -9.160000000000000390e-05 8.139999999999999992e-06
-6.852489999999999710e-04 -9.189999999999999764e-05 8.290000000000000250e-06
-6.879339999999999631e-04 -9.220000000000000493e-05 8.440000000000000507e-06
-6.906189999999999551e-04 -9.249999999999999867e-05 8.590000000000000765e-06
-6.933039999999999472e-04 -9.280000000000000597e-05 8.739999999999999329e-06
-6.959890000000000477e-04 -9.320000000000000214e-05 8.879999999999999683e-06
-6.986740000000000398e-04 -9.349999999999999587e-05 9.029999999999999941e-06
-7.013590000000000319e-04 -9.380000000000000317e-05 9.180000000000000199e-06
-7.040440000000000240e-04 -9.409999999999999691e-05 9.330000000000000457e-06
-7.067290000000000160e-04 -9.440000000000000420e-05 9.490000000000000619e-06
-7.094150000000000239e-04 -9.469999999999999794e-05 9.639999999999999183e-06
-7.121080000000000335e-04 -9.509999999999999411e-05 9.779999999999999536e-06
-7.148010000000000431e-04 -9.540000000000000140e-05 9.929999999999999794e-06
-7.174940000000000527e-04 -9.569999999999999514e-05 1.009999999999999986e-05
-7.201860000000000466e-04 -9.600000000000000243e-05 1.020000000000000060e-05
-7.228789999999999478e-04 -9.629999999999999617e-05 1.040000000000000038e-05
-7.255719999999999574e-04 -9.660000000000000346e-05 1.049999999999999942e-05
-7.282649999999999671e-04 -9.689999999999999720e-05 1.069999999999999920e-05
-7.309569999999999609e-04 -9.720000000000000450e-05 1.079999999999999993e-05
-7.336499999999999706e-04 -9.760000000000000067e-05 1.099999999999999971e-05
-7.363429999999999802e-04 -9.789999999999999441e-05 1.110000000000000045e-05
-7.390349999999999741e-04 -9.820000000000000170e-05 1.130000000000000023e-05
-7.417279999999999837e-04 -9.849999999999999544e-05 1.139999999999999927e-05
-7.444209999999999933e-04 -9.880000000000000273e-05 1.160000000000000075e-05
-7.471129999999999872e-04 -9.909999999999999647e-05 1.169999999999999979e-05
-7.498059999999999968e-04 -9.940000000000000376e-05 1.189999999999999957e-05
-7.524990000000000064e-04 -9.969999999999999750e-05 1.200000000000000030e-05
-7.551910000000000003e-04 -1.000519999999999968e-04 1.220000000000000008e-05
-7.578840000000000099e-04 -1.003630000000000011e-04 1.230000000000000082e-05
-7.605760000000000038e-04 -1.006740000000000055e-04 1.250000000000000060e-05
-7.632690000000000134e-04 -1.009859999999999984e-04 1.259999999999999964e-05
-7.659610000000000073e-04 -1.012970000000000027e-04 1.279999999999999942e-05
-7.686540000000000169e-04 -1.016079999999999935e-04 1.290000000000000016e-05
-7.713460000000000108e-04 -1.019179999999999956e-04 1.309999999999999994e-05
-7.740390000000000204e-04 -1.022289999999999999e-04 1.320000000000000067e-05
-7.767310000000000143e-04 -1.025400000000000042e-04 1.340000000000000045e-05
-7.794240000000000239e-04 -1.028500000000000063e-04 1.360000000000000023e-05
-7.821160000000000178e-04 -1.031599999999999949e-04 1.369999999999999927e-05
-7.848080000000000117e-04 -1.034709999999999992e-04 1.390000000000000075e-05
-7.875010000000000213e-04 -1.037810000000000013e-04 1.399999999999999979e-05
-7.901930000000000152e-04 -1.040910000000000034e-04 1.419999999999999957e-05
-7.928850000000000091e-04 -1.044000000000000033e-04 1.430000000000000031e-05
-7.955780000000000187e-04 -1.047100000000000054e-04 1.450000000000000009e-05
-7.982780000000000301e-04 -1.050190000000000054e-04 1.469999999999999986e-05
-8.009789999999999488e-04 -1.053270000000000031e-04 1.480000000000000060e-05
-8.036789999999999603e-04 -1.056350000000000008e-04 1.500000000000000038e-05
-8.063799999999999874e-04 -1.059440000000000007e-04 1.509999999999999942e-05
-8.090799999999999988e-04 -1.062519999999999985e-04 1.529999999999999920e-05
-8.117810000000000260e-04 -1.065589999999999940e-04 1.540000000000000163e-05
-8.144810000000000374e-04 -1.068670000000000053e-04 1.559999999999999972e-05
-8.171810000000000488e-04 -1.071750000000000030e-04 1.569999999999999876e-05
-8.198819999999999676e-04 -1.074830000000000007e-04 1.590000000000000023e-05
-8.225819999999999790e-04 -1.077899999999999963e-04 1.609999999999999832e-05
-8.252830000000000062e-04 -1.080970000000000054e-04 1.620000000000000075e-05
-8.279830000000000176e-04 -1.084040000000000009e-04 1.639999999999999883e-05
-8.306840000000000447e-04 -1.087119999999999986e-04 1.650000000000000127e-05
-8.333839999999999477e-04 -1.090180000000000055e-04 1.669999999999999935e-05
-8.360839999999999592e-04 -1.093250000000000011e-04 1.679999999999999839e-05
-8.387839999999999706e-04 -1.096319999999999966e-04 1.699999999999999987e-05
-8.414849999999999977e-04 -1.099390000000000057e-04 1.720000000000000134e-05
-8.441850000000000092e-04 -1.102449999999999990e-04 1.730000000000000038e-05
-8.468850000000000206e-04 -1.105510000000000059e-04 1.749999999999999847e-05
-8.495850000000000320e-04 -1.108580000000000015e-04 1.760000000000000090e-05
-8.522859999999999507e-04 -1.111639999999999948e-04 1.779999999999999898e-05
-8.549859999999999622e-04 -1.114700000000000017e-04 1.800000000000000046e-05
-8.576859999999999736e-04 -1.117759999999999950e-04 1.809999999999999950e-05
-8.603859999999999850e-04 -1.120809999999999997e-04 1.830000000000000097e-05
-8.630859999999999964e-04 -1.123870000000000066e-04 1.849999999999999906e-05
-8.657860000000000078e-04 -1.126919999999999978e-04 1.860000000000000149e-05
-8.684870000000000350e-04 -1.129980000000000047e-04 1.879999999999999957e-05
-8.711870000000000464e-04 -1.133029999999999958e-04 1.889999999999999862e-05
-8.738869999999999494e-04 -1.136080000000000005e-04 1.910000000000000009e-05
-8.765869999999999608e-04 -1.139130000000000052e-04 1.930000000000000156e-05
-8.792869999999999723e-04 -1.142179999999999964e-04 1.940000000000000060e-05
-8.819869999999999837e-04 -1.145230000000000011e-04 1.959999999999999869e-05
-8.846939999999999969e-04 -1.148270000000000036e-04 1.980000000000000016e-05
-8.874020000000000259e-04 -1.151319999999999948e-04 1.989999999999999921e-05
-8.901109999999999621e-04 -1.154359999999999973e-04 2.010000000000000068e-05
-8.928189999999999911e-04 -1.157399999999999998e-04 2.019999999999999972e-05
-8.955280000000000358e-04 -1.160440000000000023e-04 2.040000000000000119e-05
-8.982359999999999563e-04 -1.163470000000000026e-04 2.059999999999999928e-05
-9.009450000000000010e-04 -1.166510000000000051e-04 2.069999999999999832e-05
-9.036530000000000300e-04 -1.169549999999999941e-04 2.089999999999999980e-05
-9.063609999999999505e-04 -1.172579999999999944e-04 2.110000000000000127e-05
-9.090699999999999953e-04 -1.175609999999999947e-04 2.120000000000000031e-05
-9.117780000000000242e-04 -1.178639999999999950e-04 2.139999999999999840e-05
-9.144869999999999605e-04 -1.181669999999999953e-04 2.159999999999999987e-05
-9.171949999999999895e-04 -1.184699999999999957e-04 2.169999999999999891e-05
-9.199030000000000184e-04 -1.187729999999999960e-04 2.190000000000000039e-05
-9.226119999999999547e-04 -1.190759999999999963e-04 2.209999999999999847e-05
-9.253199999999999837e-04 -1.193779999999999944e-04 2.220000000000000090e-05
-9.280280000000000126e-04 -1.196809999999999947e-04 2.239999999999999899e-05
-9.307360000000000416e-04 -1.199830000000000064e-04 2.260000000000000046e-05
-9.334439999999999621e-04 -1.202850000000000045e-04 2.269999999999999950e-05
-9.361530000000000068e-04 -1.205870000000000027e-04 2.290000000000000098e-05
-9.388610000000000358e-04 -1.208890000000000008e-04 2.309999999999999906e-05
-9.415689999999999563e-04 -1.211909999999999989e-04 2.320000000000000149e-05
-9.442769999999999853e-04 -1.214929999999999970e-04 2.339999999999999958e-05
-9.469850000000000143e-04 -1.217940000000000065e-04 2.360000000000000105e-05
-9.496930000000000432e-04 -1.220960000000000047e-04 2.379999999999999913e-05
-9.524009999999999638e-04 -1.223970000000000006e-04 2.390000000000000157e-05
-9.551089999999999927e-04 -1.226979999999999965e-04 2.409999999999999965e-05
-9.578170000000000217e-04 -1.230000000000000082e-04 2.430000000000000112e-05
-9.605250000000000506e-04 -1.233010000000000041e-04 2.440000000000000017e-05
-9.632329999999999712e-04 -1.236010000000000114e-04 2.460000000000000164e-05
-9.659410000000000001e-04 -1.239020000000000074e-04 2.479999999999999972e-05
-9.686490000000000291e-04 -1.242030000000000033e-04 2.500000000000000120e-05
-9.713630000000000441e-04 -1.245019999999999948e-04 2.510000000000000024e-05
-9.740789999999999822e-04 -1.248020000000000021e-04 2.529999999999999833e-05
-9.767960000000000444e-04 -1.251009999999999937e-04 2.549999999999999980e-05
-9.795120000000000909e-04 -1.254000000000000123e-04 2.559999999999999884e-05
-9.822279999999999206e-04 -1.256979999999999881e-04 2.580000000000000031e-05
-9.849450000000000913e-04 -1.259970000000000068e-04 2.599999999999999840e-05
-9.876609999999999209e-04 -1.262959999999999983e-04 2.619999999999999987e-05
-9.903769999999999674e-04 -1.265940000000000012e-04 2.629999999999999892e-05
-9.930930000000000139e-04 -1.268920000000000041e-04 2.650000000000000039e-05
-9.958099999999999678e-04 -1.271909999999999957e-04 2.669999999999999847e-05
-9.985260000000000143e-04 -1.274889999999999986e-04 2.689999999999999995e-05
-1.001240000000000029e-03 -1.277870000000000015e-04 2.699999999999999899e-05
-1.003959999999999922e-03 -1.280850000000000044e-04 2.720000000000000046e-05
-1.006670000000000091e-03 -1.283819999999999916e-04 2.739999999999999855e-05
-1.009389999999999983e-03 -1.286799999999999945e-04 2.760000000000000002e-05
-1.012110000000000093e-03 -1.289770000000000087e-04 2.780000000000000149e-05
-1.014820000000000045e-03 -1.292750000000000116e-04 2.790000000000000054e-05
-1.017539999999999938e-03 -1.295719999999999988e-04 2.809999999999999862e-05
-1.020250000000000106e-03 -1.298690000000000131e-04 2.830000000000000010e-05
-1.022969999999999999e-03 -1.301660000000000002e-04 2.850000000000000157e-05
-1.025689999999999892e-03 -1.304629999999999874e-04 2.869999999999999965e-05
-1.028400000000000061e-03 -1.307600000000000017e-04 2.879999999999999870e-05
-1.031119999999999953e-03 -1.310560000000000002e-04 2.900000000000000017e-05
-1.033829999999999905e-03 -1.313529999999999873e-04 2.920000000000000164e-05
-1.036550000000000015e-03 -1.316490000000000130e-04 2.939999999999999973e-05
-1.039269999999999907e-03 -1.319460000000000001e-04 2.960000000000000120e-05
-1.041980000000000076e-03 -1.322419999999999987e-04 2.970000000000000024e-05
-1.044699999999999969e-03 -1.325379999999999972e-04 2.989999999999999833e-05
-1.047409999999999921e-03 -1.328339999999999957e-04 3.009999999999999980e-05
-1.050130000000000030e-03 -1.331290000000000056e-04 3.030000000000000128e-05
-1.052849999999999923e-03 -1.334250000000000041e-04 3.049999999999999936e-05
-1.055560000000000092e-03 -1.337210000000000026e-04 3.070000000000000083e-05
-1.058279999999999985e-03 -1.340160000000000125e-04 3.080000000000000326e-05
-1.061010000000000035e-03 -1.343100000000000066e-04 3.100000000000000135e-05
-1.063729999999999927e-03 -1.346040000000000008e-04 3.119999999999999944e-05
-1.066450000000000037e-03 -1.348979999999999949e-04 3.139999999999999752e-05
-1.069180000000000087e-03 -1.351919999999999890e-04 3.160000000000000238e-05
-1.071899999999999980e-03 -1.354860000000000103e-04 3.180000000000000047e-05
-1.074630000000000030e-03 -1.357800000000000044e-04 3.199999999999999855e-05
-1.077349999999999922e-03 -1.360739999999999986e-04 3.210000000000000098e-05
-1.080070000000000032e-03 -1.363670000000000041e-04 3.229999999999999907e-05
-1.082800000000000082e-03 -1.366600000000000095e-04 3.249999999999999715e-05
-1.085519999999999975e-03 -1.369540000000000037e-04 3.270000000000000201e-05
-1.088250000000000025e-03 -1.372470000000000092e-04 3.290000000000000010e-05
-1.090969999999999917e-03 -1.375399999999999876e-04 3.309999999999999818e-05
-1.093690000000000027e-03 -1.378329999999999931e-04 3.330000000000000305e-05
-1.096420000000000077e-03 -1.381259999999999986e-04 3.350000000000000113e-05
-1.099139999999999969e-03 -1.384179999999999883e-04 3.359999999999999679e-05
-1.101870000000000020e-03 -1.387109999999999938e-04 3.380000000000000165e-05
-1.104589999999999912e-03 -1.390030000000000107e-04 3.399999999999999973e-05
-1.107310000000000022e-03 -1.392950000000000004e-04 3.419999999999999782e-05
-1.110040000000000072e-03 -1.395880000000000059e-04 3.440000000000000268e-05
-1.112759999999999964e-03 -1.398799999999999957e-04 3.460000000000000076e-05
-1.115490000000000015e-03 -1.401720000000000125e-04 3.479999999999999885e-05
-1.118209999999999907e-03 -1.404629999999999865e-04 3.499999999999999693e-05
-1.120930000000000017e-03 -1.407550000000000034e-04 3.520000000000000180e-05
-1.123660000000000067e-03 -1.410469999999999931e-04 3.539999999999999988e-05
-1.126379999999999959e-03 -1.413379999999999942e-04 3.559999999999999797e-05
-1.129100000000000069e-03 -1.416300000000000111e-04 3.580000000000000283e-05
-1.131829999999999902e-03 -1.419210000000000122e-04 3.589999999999999848e-05
-1.134550000000000012e-03 -1.422120000000000133e-04 3.610000000000000334e-05
-1.137280000000000062e-03 -1.425029999999999873e-04 3.630000000000000143e-05
-1.139999999999999954e-03 -1.427939999999999884e-04 3.649999999999999951e-05
-1.142720000000000064e-03 -1.430840000000000009e-04 3.669999999999999760e-05
-1.145449999999999897e-03 -1.433729999999999976e-04 3.690000000000000246e-05
-1.148179999999999947e-03 -1.436590000000000013e-04 3.710000000000000054e-05
-1.150909999999999997e-03 -1.439450000000000050e-04 3.729999999999999863e-05
-1.153640000000000047e-03 -1.442299999999999930e-04 3.759999999999999915e-05
-1.156370000000000097e-03 -1.445159999999999967e-04 3.779999999999999723e-05
-1.159089999999999990e-03 -1.448010000000000117e-04 3.800000000000000209e-05
-1.161820000000000040e-03 -1.450859999999999997e-04 3.820000000000000018e-05
-1.164550000000000090e-03 -1.453720000000000034e-04 3.839999999999999826e-05
-1.167279999999999924e-03 -1.456569999999999913e-04 3.860000000000000312e-05
-1.170009999999999974e-03 -1.459409999999999907e-04 3.880000000000000121e-05
-1.172740000000000024e-03 -1.462260000000000057e-04 3.899999999999999929e-05
-1.175470000000000074e-03 -1.465109999999999937e-04 3.929999999999999981e-05
-1.178199999999999907e-03 -1.467949999999999930e-04 3.949999999999999789e-05
-1.180929999999999957e-03 -1.470800000000000080e-04 3.970000000000000276e-05
-1.183660000000000007e-03 -1.473640000000000074e-04 3.990000000000000084e-05
-1.186390000000000057e-03 -1.476480000000000067e-04 4.009999999999999893e-05
-1.189120000000000107e-03 -1.479320000000000060e-04 4.029999999999999701e-05
-1.191840000000000000e-03 -1.482160000000000053e-04 4.050000000000000187e-05
-1.194570000000000050e-03 -1.485000000000000046e-04 4.080000000000000239e-05
-1.197300000000000100e-03 -1.487840000000000039e-04 4.100000000000000047e-05
-1.200029999999999934e-03 -1.490669999999999875e-04 4.119999999999999856e-05
-1.202759999999999984e-03 -1.493509999999999868e-04 4.139999999999999664e-05
-1.205490000000000034e-03 -1.496339999999999975e-04 4.160000000000000151e-05
-1.208220000000000084e-03 -1.499170000000000082e-04 4.179999999999999959e-05
-1.210949999999999917e-03 -1.501999999999999917e-04 4.210000000000000011e-05
-1.213679999999999967e-03 -1.504830000000000024e-04 4.229999999999999819e-05
-1.216400000000000077e-03 -1.507660000000000131e-04 4.250000000000000305e-05
-1.219129999999999910e-03 -1.510489999999999966e-04 4.270000000000000114e-05
-1.221859999999999960e-03 -1.513309999999999916e-04 4.289999999999999922e-05
-1.224590000000000010e-03 -1.516140000000000022e-04 4.319999999999999974e-05
-1.227320000000000060e-03 -1.518959999999999972e-04 4.339999999999999782e-05
-1.230049999999999893e-03 -1.521790000000000078e-04 4.360000000000000269e-05
-1.232779999999999944e-03 -1.524610000000000028e-04 4.380000000000000077e-05
-1.235500000000000053e-03 -1.527429999999999977e-04 4.399999999999999886e-05
-1.238230000000000103e-03 -1.530249999999999926e-04 4.429999999999999937e-05
-1.240959999999999936e-03 -1.533059999999999989e-04 4.449999999999999746e-05
-1.243689999999999986e-03 -1.535879999999999938e-04 4.470000000000000232e-05
-1.246420000000000037e-03 -1.538690000000000001e-04 4.490000000000000040e-05
-1.249150000000000087e-03 -1.541509999999999951e-04 4.520000000000000092e-05
-1.251869999999999979e-03 -1.544320000000000013e-04 4.539999999999999900e-05
-1.254600000000000029e-03 -1.547130000000000076e-04 4.559999999999999709e-05
-1.257330000000000080e-03 -1.549939999999999868e-04 4.580000000000000195e-05
-1.260059999999999913e-03 -1.552749999999999931e-04 4.610000000000000247e-05
-1.262789999999999963e-03 -1.555559999999999994e-04 4.630000000000000055e-05
-1.265520000000000013e-03 -1.558370000000000057e-04 4.649999999999999864e-05
-1.268239999999999906e-03 -1.561169999999999962e-04 4.669999999999999672e-05
-1.270969999999999956e-03 -1.563980000000000025e-04 4.699999999999999724e-05
-1.273700000000000006e-03 -1.566779999999999931e-04 4.720000000000000210e-05
-1.276430000000000056e-03 -1.569580000000000107e-04 4.740000000000000018e-05
-1.279160000000000106e-03 -1.572380000000000012e-04 4.770000000000000070e-05
-1.281889999999999939e-03 -1.575179999999999918e-04 4.789999999999999879e-05
-1.284610000000000049e-03 -1.577980000000000094e-04 4.809999999999999687e-05
-1.287340000000000099e-03 -1.580780000000000000e-04 4.830000000000000173e-05
-1.290069999999999932e-03 -1.583579999999999905e-04 4.860000000000000225e-05
-1.292799999999999982e-03 -1.586369999999999924e-04 4.880000000000000033e-05
-1.295530000000000032e-03 -1.589159999999999943e-04 4.899999999999999842e-05
-1.298249999999999925e-03 -1.591960000000000120e-04 4.929999999999999893e-05
-1.300979999999999975e-03 -1.594749999999999868e-04 4.949999999999999702e-05
-1.303710000000000025e-03 -1.597539999999999887e-04 4.970000000000000188e-05
-1.306440000000000075e-03 -1.600329999999999906e-04 5.000000000000000240e-05
-1.309159999999999968e-03 -1.603110000000000038e-04 5.020000000000000048e-05
-1.311890000000000018e-03 -1.605900000000000057e-04 5.039999999999999857e-05
-1.314620000000000068e-03 -1.608690000000000076e-04 5.069999999999999908e-05
-1.317349999999999901e-03 -1.611469999999999938e-04 5.089999999999999717e-05
-1.320079999999999951e-03 -1.614250000000000071e-04 5.110000000000000203e-05
-1.322819999999999942e-03 -1.617020000000000046e-04 5.140000000000000254e-05
-1.325549999999999992e-03 -1.619790000000000021e-04 5.160000000000000063e-05
-1.328289999999999983e-03 -1.622569999999999883e-04 5.179999999999999871e-05
-1.331029999999999974e-03 -1.625329999999999971e-04 5.209999999999999923e-05
-1.333769999999999964e-03 -1.628099999999999947e-04 5.229999999999999732e-05
-1.336509999999999955e-03 -1.630869999999999922e-04 5.250000000000000218e-05
-1.339249999999999946e-03 -1.633630000000000010e-04 5.280000000000000269e-05
-1.341989999999999936e-03 -1.636399999999999986e-04 5.300000000000000078e-05
-1.344729999999999927e-03 -1.639160000000000074e-04 5.330000000000000129e-05
-1.347459999999999977e-03 -1.641919999999999892e-04 5.349999999999999938e-05
-1.350199999999999968e-03 -1.644679999999999981e-04 5.369999999999999746e-05
-1.352939999999999959e-03 -1.647440000000000070e-04 5.399999999999999798e-05
-1.355679999999999949e-03 -1.650199999999999887e-04 5.420000000000000284e-05
-1.358419999999999940e-03 -1.652959999999999976e-04 5.440000000000000093e-05
-1.361159999999999931e-03 -1.655720000000000065e-04 5.470000000000000144e-05
-1.363899999999999921e-03 -1.658469999999999996e-04 5.489999999999999953e-05
-1.366629999999999972e-03 -1.661219999999999928e-04 5.520000000000000004e-05
-1.369369999999999962e-03 -1.663980000000000016e-04 5.539999999999999813e-05
-1.372109999999999953e-03 -1.666729999999999948e-04 5.560000000000000299e-05
-1.374849999999999944e-03 -1.669479999999999879e-04 5.589999999999999673e-05
-1.377589999999999934e-03 -1.672230000000000081e-04 5.610000000000000159e-05
-1.380329999999999925e-03 -1.674970000000000126e-04 5.640000000000000211e-05
-1.383059999999999975e-03 -1.677720000000000058e-04 5.660000000000000019e-05
-1.385799999999999966e-03 -1.680460000000000103e-04 5.690000000000000071e-05
-1.388539999999999957e-03 -1.683210000000000034e-04 5.709999999999999879e-05
-1.391279999999999947e-03 -1.685950000000000079e-04 5.729999999999999688e-05
-1.394019999999999938e-03 -1.688690000000000124e-04 5.759999999999999739e-05
-1.396749999999999988e-03 -1.691429999999999898e-04 5.780000000000000225e-05
-1.399489999999999979e-03 -1.694169999999999942e-04 5.810000000000000277e-05
-1.402229999999999970e-03 -1.696909999999999987e-04 5.830000000000000086e-05
-1.404969999999999960e-03 -1.699650000000000032e-04 5.860000000000000137e-05
-1.407709999999999951e-03 -1.702379999999999920e-04 5.879999999999999946e-05
-1.410440000000000001e-03 -1.705119999999999965e-04 5.909999999999999997e-05
-1.413179999999999992e-03 -1.707850000000000123e-04 5.929999999999999806e-05
-1.415919999999999982e-03 -1.710580000000000011e-04 5.959999999999999857e-05
-1.418659999999999973e-03 -1.713309999999999898e-04 5.979999999999999666e-05
-1.421399999999999964e-03 -1.716040000000000057e-04 6.000000000000000152e-05
-1.424130000000000014e-03 -1.718769999999999944e-04 6.030000000000000204e-05
-1.426870000000000005e-03 -1.721500000000000103e-04 6.050000000000000012e-05
-1.429609999999999995e-03 -1.724220000000000104e-04 6.080000000000000064e-05
-1.432349999999999986e-03 -1.726949999999999991e-04 6.099999999999999872e-05
-1.435080000000000036e-03 -1.729669999999999992e-04 6.129999999999999924e-05
-1.437820000000000027e-03 -1.732389999999999993e-04 6.150000000000000410e-05
-1.440560000000000018e-03 -1.735109999999999994e-04 6.179999999999999784e-05
-1.443300000000000008e-03 -1.737829999999999995e-04 6.200000000000000270e-05
-1.446030000000000058e-03 -1.740549999999999996e-04 6.229999999999999644e-05
-1.448770000000000049e-03 -1.743269999999999998e-04 6.260000000000000373e-05
-1.451510000000000040e-03 -1.745989999999999999e-04 6.279999999999999504e-05
-1.454250000000000030e-03 -1.748700000000000113e-04 6.310000000000000233e-05
-1.456980000000000081e-03 -1.751420000000000114e-04 6.329999999999999364e-05
-1.459720000000000071e-03 -1.754129999999999958e-04 6.360000000000000093e-05
-1.462460000000000062e-03 -1.756840000000000073e-04 6.380000000000000580e-05
-1.465200000000000053e-03 -1.759549999999999916e-04 6.409999999999999953e-05
-1.467930000000000103e-03 -1.762260000000000031e-04 6.430000000000000440e-05
-1.470670000000000094e-03 -1.764969999999999874e-04 6.459999999999999814e-05
-1.473410000000000084e-03 -1.767670000000000103e-04 6.480000000000000300e-05
-1.476150000000000075e-03 -1.770379999999999946e-04 6.509999999999999674e-05
-1.478890000000000066e-03 -1.773079999999999904e-04 6.540000000000000403e-05
-1.481639999999999997e-03 -1.775790000000000018e-04 6.559999999999999534e-05
-1.484379999999999988e-03 -1.778489999999999975e-04 6.590000000000000263e-05
-1.487129999999999919e-03 -1.781189999999999933e-04 6.609999999999999394e-05
-1.489880000000000067e-03 -1.783889999999999890e-04 6.640000000000000123e-05
-1.492629999999999998e-03 -1.786590000000000118e-04 6.660000000000000609e-05
-1.495379999999999930e-03 -1.789290000000000075e-04 6.689999999999999983e-05
-1.498130000000000078e-03 -1.791990000000000033e-04 6.710000000000000469e-05
-1.500880000000000009e-03 -1.794680000000000103e-04 6.739999999999999843e-05
-1.503629999999999941e-03 -1.797380000000000061e-04 6.760000000000000329e-05
-1.506380000000000089e-03 -1.800070000000000131e-04 6.789999999999999703e-05
-1.509120000000000079e-03 -1.802759999999999931e-04 6.820000000000000433e-05
-1.511870000000000011e-03 -1.805450000000000002e-04 6.839999999999999563e-05
-1.514619999999999942e-03 -1.808140000000000073e-04 6.870000000000000293e-05
-1.517370000000000090e-03 -1.810829999999999872e-04 6.889999999999999424e-05
-1.520120000000000022e-03 -1.813519999999999943e-04 6.920000000000000153e-05
-1.522869999999999953e-03 -1.816200000000000128e-04 6.949999999999999527e-05
-1.525620000000000101e-03 -1.818889999999999927e-04 6.970000000000000013e-05
-1.528370000000000032e-03 -1.821570000000000112e-04 6.999999999999999387e-05
-1.531110000000000023e-03 -1.824250000000000025e-04 7.019999999999999873e-05
-1.533859999999999954e-03 -1.826929999999999939e-04 7.050000000000000602e-05
-1.536610000000000103e-03 -1.829610000000000123e-04 7.079999999999999976e-05
-1.539360000000000034e-03 -1.832290000000000036e-04 7.100000000000000462e-05
-1.542109999999999965e-03 -1.834969999999999950e-04 7.129999999999999836e-05
-1.544859999999999896e-03 -1.837650000000000134e-04 7.160000000000000565e-05
-1.547600000000000104e-03 -1.840319999999999890e-04 7.179999999999999696e-05
-1.550350000000000035e-03 -1.843000000000000074e-04 7.210000000000000425e-05
-1.553099999999999967e-03 -1.845670000000000101e-04 7.229999999999999556e-05
-1.555849999999999898e-03 -1.848340000000000128e-04 7.260000000000000286e-05
-1.558600000000000046e-03 -1.851009999999999884e-04 7.289999999999999660e-05
-1.561349999999999977e-03 -1.853679999999999911e-04 7.310000000000000146e-05
-1.564089999999999968e-03 -1.856349999999999938e-04 7.339999999999999520e-05
-1.566839999999999899e-03 -1.859010000000000079e-04 7.370000000000000249e-05
-1.569590000000000048e-03 -1.861680000000000106e-04 7.389999999999999380e-05
-1.572339999999999979e-03 -1.864339999999999975e-04 7.420000000000000109e-05
-1.575089999999999910e-03 -1.867010000000000002e-04 7.449999999999999483e-05
-1.577829999999999901e-03 -1.869669999999999872e-04 7.469999999999999969e-05
-1.580580000000000049e-03 -1.872330000000000012e-04 7.499999999999999343e-05
-1.583329999999999980e-03 -1.874989999999999882e-04 7.530000000000000072e-05
-1.586079999999999912e-03 -1.877650000000000022e-04 7.550000000000000558e-05
-1.588830000000000060e-03 -1.880300000000000005e-04 7.579999999999999932e-05
-1.591570000000000051e-03 -1.882959999999999875e-04 7.610000000000000661e-05
-1.594319999999999982e-03 -1.885610000000000129e-04 7.640000000000000035e-05
-1.597069999999999913e-03 -1.888269999999999998e-04 7.660000000000000522e-05
-1.599820000000000061e-03 -1.890919999999999981e-04 7.689999999999999896e-05
-1.602560000000000052e-03 -1.893569999999999965e-04 7.720000000000000625e-05
-1.605309999999999983e-03 -1.896219999999999948e-04 7.739999999999999756e-05
-1.608059999999999915e-03 -1.898869999999999931e-04 7.770000000000000485e-05
-1.610810000000000063e-03 -1.901519999999999914e-04 7.799999999999999859e-05
-1.613550000000000054e-03 -1.904160000000000011e-04 7.830000000000000588e-05
-1.616299999999999985e-03 -1.906809999999999994e-04 7.849999999999999719e-05
-1.619049999999999916e-03 -1.909450000000000090e-04 7.880000000000000448e-05
-1.621800000000000064e-03 -1.912089999999999916e-04 7.909999999999999822e-05
-1.624540000000000055e-03 -1.914739999999999899e-04 7.930000000000000308e-05
-1.627289999999999986e-03 -1.917379999999999996e-04 7.959999999999999682e-05
-1.630039999999999918e-03 -1.920020000000000092e-04 7.990000000000000411e-05
-1.632790000000000066e-03 -1.922650000000000032e-04 8.019999999999999785e-05
-1.635530000000000057e-03 -1.925290000000000128e-04 8.040000000000000271e-05
-1.638289999999999929e-03 -1.927920000000000068e-04 8.069999999999999645e-05
-1.641050000000000017e-03 -1.930540000000000121e-04 8.100000000000000375e-05
-1.643810000000000106e-03 -1.933159999999999902e-04 8.129999999999999749e-05
-1.646569999999999978e-03 -1.935790000000000113e-04 8.160000000000000478e-05
-1.649340000000000007e-03 -1.938400000000000008e-04 8.189999999999999852e-05
-1.652100000000000096e-03 -1.941020000000000061e-04 8.220000000000000581e-05
-1.654859999999999968e-03 -1.943640000000000114e-04 8.249999999999999955e-05
-1.657620000000000057e-03 -1.946250000000000009e-04 8.279999999999999329e-05
-1.660379999999999929e-03 -1.948870000000000062e-04 8.299999999999999815e-05
-1.663140000000000018e-03 -1.951479999999999957e-04 8.330000000000000544e-05
-1.665910000000000047e-03 -1.954090000000000124e-04 8.359999999999999918e-05
-1.668669999999999919e-03 -1.956709999999999906e-04 8.390000000000000647e-05
-1.671430000000000008e-03 -1.959309999999999915e-04 8.420000000000000021e-05
-1.674190000000000096e-03 -1.961920000000000081e-04 8.449999999999999395e-05
-1.676949999999999968e-03 -1.964529999999999976e-04 8.480000000000000124e-05
-1.679710000000000057e-03 -1.967139999999999872e-04 8.509999999999999498e-05
-1.682469999999999929e-03 -1.969739999999999881e-04 8.540000000000000228e-05
-1.685239999999999959e-03 -1.972339999999999890e-04 8.569999999999999602e-05
-1.688000000000000047e-03 -1.974950000000000056e-04 8.600000000000000331e-05
-1.690759999999999919e-03 -1.977550000000000065e-04 8.629999999999999705e-05
-1.693520000000000008e-03 -1.980150000000000074e-04 8.660000000000000434e-05
-1.696280000000000097e-03 -1.982750000000000083e-04 8.679999999999999565e-05
-1.699039999999999969e-03 -1.985339999999999935e-04 8.710000000000000294e-05
-1.701800000000000057e-03 -1.987939999999999944e-04 8.739999999999999668e-05
-1.704559999999999929e-03 -1.990539999999999953e-04 8.770000000000000397e-05
-1.707329999999999959e-03 -1.993130000000000075e-04 8.799999999999999771e-05
-1.710090000000000048e-03 -1.995719999999999927e-04 8.830000000000000500e-05
-1.712849999999999919e-03 -1.998310000000000049e-04 8.859999999999999874e-05
-1.715610000000000008e-03 -2.000899999999999901e-04 8.890000000000000604e-05
-1.718370000000000097e-03 -2.003490000000000023e-04 8.919999999999999978e-05
-1.721129999999999969e-03 -2.006079999999999875e-04 8.949999999999999351e-05
-1.723890000000000058e-03 -2.008669999999999998e-04 8.980000000000000081e-05
-1.726649999999999930e-03 -2.011249999999999963e-04 9.009999999999999455e-05
-1.729410000000000018e-03 -2.013840000000000085e-04 9.040000000000000184e-05
-1.732170000000000107e-03 -2.016420000000000050e-04 9.069999999999999558e-05
-1.734929999999999979e-03 -2.019000000000000016e-04 9.100000000000000287e-05
-1.737690000000000068e-03 -2.021579999999999981e-04 9.129999999999999661e-05
-1.740460000000000097e-03 -2.024159999999999946e-04 9.160000000000000390e-05
-1.743219999999999969e-03 -2.026739999999999911e-04 9.189999999999999764e-05
-1.745980000000000058e-03 -2.029319999999999876e-04 9.220000000000000493e-05
-1.748739999999999930e-03 -2.031889999999999955e-04 9.249999999999999867e-05
-1.751500000000000019e-03 -2.034469999999999920e-04 9.280000000000000597e-05
-1.754260000000000107e-03 -2.037039999999999999e-04 9.309999999999999970e-05
-1.757019999999999979e-03 -2.039619999999999964e-04 9.339999999999999344e-05
-1.759780000000000068e-03 -2.042190000000000043e-04 9.380000000000000317e-05
-1.762539999999999940e-03 -2.044760000000000121e-04 9.409999999999999691e-05
-1.765300000000000029e-03 -2.047329999999999929e-04 9.440000000000000420e-05
-1.768059999999999901e-03 -2.049890000000000121e-04 9.469999999999999794e-05
-1.770819999999999990e-03 -2.052459999999999929e-04 9.500000000000000523e-05
-1.773580000000000078e-03 -2.055020000000000121e-04 9.529999999999999897e-05
-1.776339999999999950e-03 -2.057589999999999929e-04 9.560000000000000626e-05
-1.779100000000000039e-03 -2.060150000000000121e-04 9.590000000000000000e-05
-1.781859999999999911e-03 -2.062710000000000043e-04 9.619999999999999374e-05
-1.784620000000000000e-03 -2.065269999999999964e-04 9.650000000000000103e-05
-1.787380000000000089e-03 -2.067829999999999885e-04 9.679999999999999477e-05
-1.790139999999999960e-03 -2.070390000000000078e-04 9.710000000000000206e-05
-1.792900000000000049e-03 -2.072949999999999999e-04 9.739999999999999580e-05
-1.795659999999999921e-03 -2.075500000000000034e-04 9.770000000000000310e-05
-1.798420000000000010e-03 -2.078109999999999929e-04 9.809999999999999927e-05
-1.801190000000000039e-03 -2.080739999999999868e-04 9.840000000000000656e-05
-1.803960000000000069e-03 -2.083379999999999965e-04 9.870000000000000030e-05
-1.806719999999999941e-03 -2.086009999999999904e-04 9.899999999999999404e-05
-1.809489999999999970e-03 -2.088650000000000001e-04 9.930000000000000133e-05
-1.812259999999999999e-03 -2.091279999999999940e-04 9.959999999999999507e-05
-1.815020000000000088e-03 -2.093909999999999879e-04 1.000000000000000048e-04
-1.817789999999999901e-03 -2.096540000000000090e-04 1.002859999999999949e-04
-1.820559999999999930e-03 -2.099159999999999872e-04 1.006050000000000032e-04
-1.823320000000000019e-03 -2.101790000000000082e-04 1.009250000000000002e-04
-1.826090000000000048e-03 -2.104410000000000135e-04 1.012459999999999993e-04
-1.828860000000000078e-03 -2.107040000000000074e-04 1.015669999999999984e-04
-1.831619999999999950e-03 -2.109660000000000127e-04 1.018879999999999976e-04
-1.834389999999999979e-03 -2.112279999999999909e-04 1.022099999999999989e-04
-1.837160000000000008e-03 -2.114899999999999961e-04 1.025320000000000002e-04
-1.839920000000000097e-03 -2.117520000000000014e-04 1.028550000000000037e-04
-1.842689999999999910e-03 -2.120140000000000067e-04 1.031770000000000050e-04
-1.845449999999999998e-03 -2.122760000000000120e-04 1.035009999999999972e-04
-1.848220000000000028e-03 -2.125370000000000015e-04 1.038240000000000007e-04
-1.850990000000000057e-03 -2.127990000000000068e-04 1.041480000000000064e-04
-1.853749999999999929e-03 -2.130599999999999964e-04 1.044730000000000008e-04
-1.856519999999999958e-03 -2.133210000000000130e-04 1.047979999999999951e-04
-1.859280000000000047e-03 -2.135820000000000025e-04 1.051230000000000030e-04
-1.862050000000000077e-03 -2.138429999999999921e-04 1.054489999999999995e-04
-1.864820000000000106e-03 -2.141040000000000087e-04 1.057749999999999961e-04
-1.867579999999999978e-03 -2.143649999999999983e-04 1.061010000000000062e-04
-1.870350000000000007e-03 -2.146259999999999878e-04 1.064280000000000049e-04
-1.873110000000000096e-03 -2.148859999999999887e-04 1.067550000000000036e-04
-1.875879999999999909e-03 -2.151459999999999896e-04 1.070830000000000046e-04
-1.878649999999999938e-03 -2.154070000000000062e-04 1.074110000000000055e-04
-1.881410000000000027e-03 -2.156670000000000071e-04 1.077390000000000064e-04
-1.884180000000000056e-03 -2.159270000000000080e-04 1.080679999999999960e-04
-1.886939999999999928e-03 -2.161870000000000089e-04 1.083969999999999991e-04
-1.889709999999999957e-03 -2.164459999999999941e-04 1.087270000000000044e-04
-1.892470000000000046e-03 -2.167059999999999950e-04 1.090569999999999962e-04
-1.895240000000000076e-03 -2.169659999999999959e-04 1.093870000000000015e-04
-1.897999999999999948e-03 -2.172250000000000081e-04 1.097179999999999954e-04
-1.900769999999999977e-03 -2.174839999999999933e-04 1.100490000000000029e-04
-1.903540000000000006e-03 -2.177430000000000056e-04 1.103809999999999991e-04
-1.906300000000000095e-03 -2.180019999999999907e-04 1.107129999999999952e-04
-1.909069999999999908e-03 -2.182610000000000030e-04 1.110450000000000049e-04
-1.911829999999999996e-03 -2.185199999999999881e-04 1.113780000000000033e-04
-1.914600000000000026e-03 -2.187790000000000004e-04 1.117110000000000016e-04
-1.917359999999999898e-03 -2.190369999999999969e-04 1.120439999999999999e-04
-1.920129999999999927e-03 -2.192960000000000092e-04 1.123780000000000005e-04
-1.922890000000000016e-03 -2.195540000000000057e-04 1.127130000000000032e-04
-1.925660000000000045e-03 -2.198120000000000022e-04 1.130470000000000037e-04
-1.928419999999999917e-03 -2.200699999999999987e-04 1.133829999999999951e-04
-1.931189999999999947e-03 -2.203279999999999952e-04 1.137179999999999978e-04
-1.933950000000000035e-03 -2.205859999999999917e-04 1.140540000000000027e-04
-1.936720000000000065e-03 -2.208439999999999882e-04 1.143899999999999941e-04
-1.939479999999999937e-03 -2.211009999999999961e-04 1.147270000000000012e-04
-1.942249999999999966e-03 -2.213589999999999926e-04 1.150639999999999947e-04
-1.945010000000000055e-03 -2.216160000000000005e-04 1.154020000000000040e-04
-1.947780000000000084e-03 -2.218739999999999970e-04 1.157389999999999976e-04
-1.950539999999999956e-03 -2.221310000000000049e-04 1.160779999999999955e-04
-1.953299999999999828e-03 -2.223880000000000128e-04 1.164160000000000048e-04
-1.956069999999999857e-03 -2.226440000000000049e-04 1.167550000000000028e-04
-1.958839999999999887e-03 -2.229020000000000014e-04 1.170950000000000029e-04
-1.961609999999999916e-03 -2.231599999999999979e-04 1.174350000000000030e-04
-1.964379999999999946e-03 -2.234179999999999944e-04 1.177750000000000032e-04
-1.967149999999999975e-03 -2.236759999999999909e-04 1.181160000000000055e-04
-1.969920000000000004e-03 -2.239339999999999874e-04 1.184569999999999943e-04
-1.972690000000000034e-03 -2.241909999999999953e-04 1.187989999999999988e-04
-1.975470000000000004e-03 -2.244489999999999918e-04 1.191410000000000033e-04
-1.978240000000000033e-03 -2.247059999999999997e-04 1.194829999999999943e-04
-1.981010000000000063e-03 -2.249630000000000076e-04 1.198260000000000010e-04
-1.983780000000000092e-03 -2.252199999999999883e-04 1.201689999999999941e-04
-1.986550000000000121e-03 -2.254769999999999962e-04 1.205120000000000008e-04
-1.989320000000000151e-03 -2.257340000000000041e-04 1.208559999999999962e-04
-1.992090000000000180e-03 -2.259910000000000120e-04 1.212000000000000051e-04
-1.994860000000000209e-03 -2.262470000000000041e-04 1.215450000000000026e-04
-1.997629999999999805e-03 -2.265040000000000120e-04 1.218900000000000002e-04
-2.000399999999999835e-03 -2.267600000000000041e-04 1.222360000000000135e-04
-2.003169999999999864e-03 -2.270159999999999962e-04 1.225820000000000132e-04
-2.005939999999999893e-03 -2.272719999999999884e-04 1.229280000000000130e-04
-2.008709999999999923e-03 -2.275280000000000076e-04 1.232740000000000127e-04
-2.011479999999999952e-03 -2.277839999999999997e-04 1.236210000000000011e-04
-2.014259999999999922e-03 -2.280399999999999918e-04 1.239690000000000052e-04
-2.017029999999999951e-03 -2.282960000000000111e-04 1.243170000000000093e-04
-2.019799999999999981e-03 -2.285509999999999875e-04 1.246650000000000134e-04
-2.022570000000000010e-03 -2.288070000000000067e-04 1.250140000000000062e-04
-2.025340000000000040e-03 -2.290620000000000102e-04 1.253629999999999990e-04
-2.028110000000000069e-03 -2.293169999999999866e-04 1.257119999999999917e-04
-2.030880000000000098e-03 -2.295719999999999900e-04 1.260620000000000002e-04
-2.033650000000000128e-03 -2.298269999999999935e-04 1.264120000000000087e-04
-2.036420000000000157e-03 -2.300819999999999970e-04 1.267630000000000059e-04
-2.039190000000000186e-03 -2.303360000000000119e-04 1.271140000000000030e-04
-2.041960000000000216e-03 -2.305909999999999883e-04 1.274650000000000002e-04
-2.044729999999999812e-03 -2.308450000000000031e-04 1.278170000000000131e-04
-2.047499999999999841e-03 -2.311000000000000066e-04 1.281689999999999989e-04
-2.050269999999999870e-03 -2.313539999999999943e-04 1.285210000000000118e-04
-2.053039999999999900e-03 -2.316080000000000092e-04 1.288740000000000133e-04
-2.055809999999999929e-03 -2.318619999999999969e-04 1.292280000000000035e-04
-2.058579999999999958e-03 -2.321160000000000118e-04 1.295819999999999936e-04
-2.061349999999999988e-03 -2.323690000000000109e-04 1.299360000000000109e-04
-2.064120000000000017e-03 -2.326229999999999986e-04 1.302900000000000011e-04
-2.066880000000000106e-03 -2.328759999999999977e-04 1.306450000000000070e-04
-2.069650000000000135e-03 -2.331300000000000126e-04 1.310000000000000129e-04
-2.072420000000000165e-03 -2.333830000000000117e-04 1.313560000000000075e-04
-2.075190000000000194e-03 -2.336360000000000108e-04 1.317120000000000020e-04
-2.077959999999999790e-03 -2.338890000000000099e-04 1.320690000000000123e-04
-2.080729999999999819e-03 -2.341420000000000090e-04 1.324259999999999955e-04
-2.083499999999999849e-03 -2.343950000000000081e-04 1.327830000000000058e-04
-2.086269999999999878e-03 -2.346469999999999914e-04 1.331410000000000048e-04
-2.089039999999999907e-03 -2.348999999999999905e-04 1.334990000000000037e-04
-2.091809999999999937e-03 -2.351520000000000010e-04 1.338570000000000027e-04
-2.094579999999999966e-03 -2.354040000000000115e-04 1.342159999999999903e-04
-2.097349999999999996e-03 -2.356559999999999948e-04 1.345750000000000049e-04
-2.100120000000000025e-03 -2.359089999999999939e-04 1.349350000000000083e-04
-2.102880000000000114e-03 -2.361599999999999886e-04 1.352950000000000116e-04
-2.105650000000000143e-03 -2.364119999999999991e-04 1.356549999999999878e-04
-2.108420000000000172e-03 -2.366640000000000096e-04 1.360160000000000069e-04
-2.111190000000000202e-03 -2.369150000000000043e-04 1.363769999999999989e-04
-2.113959999999999798e-03 -2.371669999999999876e-04 1.367390000000000066e-04
-2.116729999999999827e-03 -2.374180000000000095e-04 1.371009999999999872e-04
-2.119499999999999856e-03 -2.376679999999999884e-04 1.374609999999999905e-04
-2.122279999999999826e-03 -2.379179999999999945e-04 1.378209999999999939e-04
-2.125049999999999856e-03 -2.381689999999999892e-04 1.381820000000000129e-04
-2.127819999999999885e-03 -2.384180000000000067e-04 1.385430000000000049e-04
-2.130599999999999855e-03 -2.386680000000000127e-04 1.389039999999999969e-04
-2.133369999999999884e-03 -2.389179999999999917e-04 1.392660000000000046e-04
-2.136139999999999914e-03 -2.391670000000000091e-04 1.396280000000000123e-04
-2.138919999999999884e-03 -2.394169999999999881e-04 1.399910000000000087e-04
-2.141689999999999913e-03 -2.396660000000000056e-04 1.403540000000000050e-04
-2.144459999999999943e-03 -2.399149999999999959e-04 1.407170000000000014e-04
-2.147229999999999972e-03 -2.401640000000000133e-04 1.410810000000000135e-04
-2.150009999999999942e-03 -2.404130000000000037e-04 1.414449999999999985e-04
-2.152779999999999971e-03 -2.406619999999999940e-04 1.418099999999999992e-04
-2.155550000000000001e-03 -2.409110000000000114e-04 1.421749999999999999e-04
-2.158329999999999971e-03 -2.411590000000000131e-04 1.425400000000000007e-04
-2.161100000000000000e-03 -2.414080000000000034e-04 1.429059999999999901e-04
-2.163870000000000030e-03 -2.416560000000000051e-04 1.432720000000000066e-04
-2.166640000000000059e-03 -2.419040000000000068e-04 1.436390000000000117e-04
-2.169420000000000029e-03 -2.421520000000000085e-04 1.440050000000000011e-04
-2.172190000000000058e-03 -2.424000000000000102e-04 1.443729999999999948e-04
-2.174960000000000088e-03 -2.426480000000000119e-04 1.447400000000000000e-04
-2.177740000000000058e-03 -2.428959999999999865e-04 1.451090000000000095e-04
-2.180510000000000087e-03 -2.431429999999999995e-04 1.454770000000000032e-04
-2.183280000000000116e-03 -2.433910000000000012e-04 1.458460000000000127e-04
-2.186050000000000146e-03 -2.436379999999999872e-04 1.462149999999999951e-04
-2.188820000000000175e-03 -2.438859999999999889e-04 1.465849999999999933e-04
-2.191600000000000145e-03 -2.441330000000000019e-04 1.469549999999999914e-04
-2.194370000000000175e-03 -2.443799999999999879e-04 1.473249999999999896e-04
-2.197140000000000204e-03 -2.446269999999999738e-04 1.476960000000000035e-04
-2.199909999999999800e-03 -2.448729999999999982e-04 1.480680000000000060e-04
-2.202690000000000203e-03 -2.451199999999999842e-04 1.484389999999999928e-04
-2.205459999999999799e-03 -2.453660000000000086e-04 1.488109999999999954e-04
-2.208229999999999828e-03 -2.456129999999999945e-04 1.491839999999999865e-04
-2.210999999999999858e-03 -2.458590000000000189e-04 1.495559999999999891e-04
-2.213769999999999887e-03 -2.461049999999999891e-04 1.499299999999999960e-04
-2.216549999999999857e-03 -2.463510000000000135e-04 1.503029999999999872e-04
-2.219319999999999887e-03 -2.465969999999999837e-04 1.506769999999999941e-04
-2.222089999999999916e-03 -2.468430000000000082e-04 1.510519999999999897e-04
-2.224859999999999945e-03 -2.470889999999999784e-04 1.514259999999999966e-04
-2.227629999999999975e-03 -2.473339999999999870e-04 1.518020000000000079e-04
-2.230400000000000004e-03 -2.475800000000000114e-04 1.521770000000000035e-04
-2.233179999999999974e-03 -2.478250000000000201e-04 1.525529999999999877e-04
-2.235950000000000003e-03 -2.480699999999999746e-04 1.529299999999999876e-04
-2.238720000000000033e-03 -2.483149999999999832e-04 1.533059999999999989e-04
-2.241490000000000062e-03 -2.485599999999999919e-04 1.536829999999999989e-04
-2.244260000000000092e-03 -2.488050000000000006e-04 1.540609999999999874e-04
-2.247030000000000121e-03 -2.490500000000000092e-04 1.544390000000000031e-04
-2.249800000000000150e-03 -2.492940000000000021e-04 1.548169999999999917e-04
-2.252580000000000120e-03 -2.495390000000000108e-04 1.551959999999999961e-04
-2.255350000000000150e-03 -2.497830000000000037e-04 1.555750000000000004e-04
-2.258120000000000179e-03 -2.500269999999999966e-04 1.559549999999999934e-04
-2.260890000000000209e-03 -2.502709999999999896e-04 1.563339999999999977e-04
-2.263670000000000179e-03 -2.505140000000000210e-04 1.567120000000000134e-04
-2.266440000000000208e-03 -2.507559999999999824e-04 1.570909999999999906e-04
-2.269220000000000178e-03 -2.509979999999999980e-04 1.574699999999999950e-04
-2.271990000000000207e-03 -2.512400000000000137e-04 1.578499999999999879e-04
-2.274770000000000177e-03 -2.514819999999999751e-04 1.582300000000000080e-04
-2.277540000000000207e-03 -2.517239999999999907e-04 1.586100000000000010e-04
-2.280320000000000177e-03 -2.519660000000000064e-04 1.589910000000000097e-04
-2.283090000000000206e-03 -2.522070000000000063e-04 1.593719999999999913e-04
-2.285870000000000176e-03 -2.524490000000000219e-04 1.597539999999999887e-04
-2.288640000000000205e-03 -2.526900000000000218e-04 1.601360000000000131e-04
-2.291420000000000175e-03 -2.529319999999999832e-04 1.605180000000000105e-04
-2.294190000000000205e-03 -2.531729999999999831e-04 1.609009999999999965e-04
-2.296970000000000175e-03 -2.534139999999999830e-04 1.612840000000000096e-04
-2.299740000000000204e-03 -2.536549999999999829e-04 1.616680000000000113e-04
-2.302520000000000174e-03 -2.538959999999999828e-04 1.620520000000000131e-04
-2.305290000000000204e-03 -2.541360000000000212e-04 1.624359999999999877e-04
-2.308070000000000174e-03 -2.543770000000000211e-04 1.628210000000000052e-04
-2.310840000000000203e-03 -2.546170000000000052e-04 1.632059999999999956e-04
-2.313620000000000173e-03 -2.548569999999999894e-04 1.635920000000000017e-04
-2.316390000000000202e-03 -2.550979999999999893e-04 1.639780000000000079e-04
-2.319159999999999798e-03 -2.553379999999999734e-04 1.643639999999999869e-04
-2.321940000000000202e-03 -2.555780000000000118e-04 1.647510000000000088e-04
-2.324709999999999797e-03 -2.558179999999999959e-04 1.651380000000000035e-04
-2.327490000000000201e-03 -2.560570000000000185e-04 1.655249999999999983e-04
-2.330259999999999797e-03 -2.562970000000000027e-04 1.659130000000000088e-04
-2.333040000000000200e-03 -2.565360000000000253e-04 1.663009999999999922e-04
-2.335809999999999796e-03 -2.567760000000000094e-04 1.666899999999999914e-04
-2.338579999999999826e-03 -2.570149999999999779e-04 1.670789999999999905e-04
-2.341359999999999796e-03 -2.572540000000000005e-04 1.674679999999999897e-04
-2.344129999999999825e-03 -2.574930000000000231e-04 1.678580000000000046e-04
-2.346909999999999795e-03 -2.577319999999999915e-04 1.682490000000000081e-04
-2.349679999999999824e-03 -2.579710000000000141e-04 1.686389999999999959e-04
-2.352449999999999854e-03 -2.582090000000000210e-04 1.690299999999999995e-04
-2.355229999999999824e-03 -2.584479999999999894e-04 1.694219999999999917e-04
-2.357999999999999853e-03 -2.586859999999999962e-04 1.698129999999999952e-04
-2.360779999999999823e-03 -2.589240000000000031e-04 1.702060000000000031e-04
-2.363549999999999852e-03 -2.591620000000000100e-04 1.705979999999999953e-04
-2.366319999999999882e-03 -2.594000000000000168e-04 1.709910000000000032e-04
-2.369099999999999852e-03 -2.596380000000000237e-04 1.713849999999999998e-04
-2.371869999999999881e-03 -2.598759999999999764e-04 1.717780000000000077e-04
-2.374639999999999911e-03 -2.601139999999999832e-04 1.721720000000000043e-04
-2.377419999999999881e-03 -2.603509999999999744e-04 1.725669999999999895e-04
-2.380189999999999910e-03 -2.605889999999999812e-04 1.729620000000000018e-04
-2.382969999999999880e-03 -2.608250000000000108e-04 1.733559999999999984e-04
-2.385739999999999909e-03 -2.610609999999999862e-04 1.737499999999999949e-04
-2.388519999999999879e-03 -2.612970000000000158e-04 1.741439999999999915e-04
-2.391299999999999849e-03 -2.615329999999999912e-04 1.745390000000000038e-04
-2.394069999999999879e-03 -2.617690000000000208e-04 1.749339999999999890e-04
-2.396849999999999849e-03 -2.620039999999999804e-04 1.753290000000000013e-04
-2.399629999999999819e-03 -2.622400000000000100e-04 1.757250000000000023e-04
-2.402399999999999848e-03 -2.624750000000000238e-04 1.761219999999999919e-04
-2.405179999999999818e-03 -2.627099999999999835e-04 1.765179999999999928e-04
-2.407959999999999788e-03 -2.629449999999999973e-04 1.769150000000000095e-04
-2.410729999999999817e-03 -2.631800000000000112e-04 1.773129999999999878e-04
-2.413509999999999787e-03 -2.634150000000000250e-04 1.777109999999999931e-04
-2.416290000000000191e-03 -2.636499999999999846e-04 1.781089999999999984e-04
-2.419059999999999787e-03 -2.638839999999999827e-04 1.785079999999999924e-04
-2.421840000000000191e-03 -2.641189999999999966e-04 1.789070000000000135e-04
-2.424620000000000161e-03 -2.643529999999999947e-04 1.793060000000000075e-04
-2.427390000000000190e-03 -2.645880000000000085e-04 1.797059999999999901e-04
-2.430170000000000160e-03 -2.648220000000000066e-04 1.801059999999999998e-04
-2.432940000000000189e-03 -2.650560000000000047e-04 1.805069999999999982e-04
-2.435720000000000159e-03 -2.652900000000000028e-04 1.809079999999999965e-04
-2.438500000000000129e-03 -2.655229999999999852e-04 1.813089999999999949e-04
-2.441270000000000159e-03 -2.657569999999999833e-04 1.817110000000000090e-04
-2.444050000000000129e-03 -2.659909999999999814e-04 1.821129999999999960e-04
-2.446820000000000158e-03 -2.662240000000000179e-04 1.825159999999999988e-04
-2.449600000000000128e-03 -2.664570000000000003e-04 1.829190000000000015e-04
-2.452380000000000098e-03 -2.666899999999999826e-04 1.833220000000000043e-04
-2.455150000000000127e-03 -2.669239999999999807e-04 1.837259999999999957e-04
-2.457930000000000097e-03 -2.671560000000000015e-04 1.841299999999999870e-04
-2.460700000000000127e-03 -2.673889999999999839e-04 1.845340000000000055e-04
-2.463480000000000097e-03 -2.676220000000000205e-04 1.849390000000000127e-04
-2.466250000000000126e-03 -2.678550000000000028e-04 1.853450000000000084e-04
-2.469030000000000096e-03 -2.680870000000000236e-04 1.857499999999999885e-04
-2.471800000000000126e-03 -2.683189999999999902e-04 1.861560000000000114e-04
-2.474580000000000096e-03 -2.685520000000000268e-04 1.865629999999999958e-04
-2.477360000000000066e-03 -2.687839999999999934e-04 1.869700000000000073e-04
-2.480130000000000095e-03 -2.690160000000000142e-04 1.873769999999999917e-04
-2.482910000000000065e-03 -2.692470000000000193e-04 1.877849999999999919e-04
-2.485680000000000094e-03 -2.694789999999999859e-04 1.881929999999999920e-04
-2.488460000000000064e-03 -2.697110000000000067e-04 1.886009999999999922e-04
-2.491230000000000094e-03 -2.699420000000000118e-04 1.890100000000000081e-04
-2.494010000000000064e-03 -2.701739999999999784e-04 1.894189999999999969e-04
-2.496780000000000093e-03 -2.704049999999999835e-04 1.898290000000000014e-04
-2.499560000000000063e-03 -2.706359999999999886e-04 1.902390000000000060e-04
-2.502330000000000092e-03 -2.708669999999999936e-04 1.906470000000000061e-04
-2.505110000000000062e-03 -2.710969999999999830e-04 1.910539999999999905e-04
-2.507890000000000032e-03 -2.713279999999999880e-04 1.914600000000000134e-04
-2.510670000000000002e-03 -2.715579999999999774e-04 1.918679999999999865e-04
-2.513440000000000032e-03 -2.717880000000000209e-04 1.922749999999999980e-04
-2.516220000000000002e-03 -2.720180000000000102e-04 1.926829999999999982e-04
-2.518999999999999972e-03 -2.722479999999999995e-04 1.930909999999999983e-04
-2.521779999999999942e-03 -2.724779999999999889e-04 1.934999999999999871e-04
-2.524549999999999971e-03 -2.727070000000000167e-04 1.939090000000000030e-04
-2.527329999999999941e-03 -2.729370000000000060e-04 1.943190000000000076e-04
-2.530109999999999911e-03 -2.731659999999999796e-04 1.947279999999999964e-04
-2.532889999999999881e-03 -2.733950000000000074e-04 1.951389999999999895e-04
-2.535659999999999911e-03 -2.736249999999999967e-04 1.955489999999999941e-04
-2.538439999999999881e-03 -2.738540000000000245e-04 1.959599999999999873e-04
-2.541219999999999851e-03 -2.740829999999999981e-04 1.963719999999999962e-04
-2.543999999999999821e-03 -2.743110000000000101e-04 1.967840000000000051e-04
-2.546769999999999850e-03 -2.745399999999999837e-04 1.971959999999999870e-04
-2.549549999999999820e-03 -2.747690000000000115e-04 1.976090000000000116e-04
-2.552329999999999790e-03 -2.749970000000000235e-04 1.980220000000000092e-04
-2.555110000000000194e-03 -2.752249999999999814e-04 1.984350000000000068e-04
-2.557879999999999789e-03 -2.754529999999999934e-04 1.988489999999999930e-04
-2.560660000000000193e-03 -2.756820000000000212e-04 1.992630000000000063e-04
-2.563440000000000163e-03 -2.759099999999999791e-04 1.996780000000000083e-04
-2.566210000000000192e-03 -2.761369999999999754e-04 2.000919999999999945e-04
-2.568990000000000162e-03 -2.763649999999999874e-04 2.005080000000000122e-04
-2.571770000000000132e-03 -2.765929999999999995e-04 2.009240000000000028e-04
-2.574540000000000162e-03 -2.768199999999999958e-04 2.013399999999999934e-04
-2.577320000000000132e-03 -2.770469999999999921e-04 2.017560000000000111e-04
-2.580100000000000102e-03 -2.772750000000000041e-04 2.021729999999999903e-04
-2.582870000000000131e-03 -2.775020000000000004e-04 2.025899999999999966e-04
-2.585650000000000101e-03 -2.777289999999999967e-04 2.030079999999999916e-04
-2.588430000000000071e-03 -2.779559999999999930e-04 2.034259999999999866e-04
-2.591200000000000100e-03 -2.781819999999999736e-04 2.038449999999999973e-04
-2.593980000000000070e-03 -2.784090000000000241e-04 2.042640000000000081e-04
-2.596750000000000100e-03 -2.786360000000000204e-04 2.046829999999999917e-04
-2.599530000000000070e-03 -2.788620000000000009e-04 2.051029999999999911e-04
-2.602310000000000040e-03 -2.790879999999999815e-04 2.055229999999999904e-04
-2.605080000000000069e-03 -2.793140000000000163e-04 2.059429999999999898e-04
-2.607860000000000039e-03 -2.795399999999999968e-04 2.063640000000000049e-04
-2.610630000000000069e-03 -2.797659999999999774e-04 2.067849999999999929e-04
-2.613410000000000039e-03 -2.799920000000000121e-04 2.072069999999999967e-04
-2.616190000000000009e-03 -2.802179999999999927e-04 2.076290000000000004e-04
-2.618960000000000038e-03 -2.804430000000000117e-04 2.080510000000000042e-04
-2.621740000000000008e-03 -2.806689999999999923e-04 2.084739999999999966e-04
-2.624510000000000037e-03 -2.808940000000000113e-04 2.088939999999999959e-04
-2.627290000000000007e-03 -2.811189999999999761e-04 2.093139999999999953e-04
-2.630069999999999977e-03 -2.813439999999999951e-04 2.097350000000000104e-04
-2.632849999999999947e-03 -2.815690000000000142e-04 2.101559999999999984e-04
-2.635619999999999977e-03 -2.817930000000000174e-04 2.105770000000000135e-04
-2.638399999999999947e-03 -2.820179999999999822e-04 2.109989999999999902e-04
-2.641179999999999917e-03 -2.822419999999999855e-04 2.114209999999999939e-04
-2.643949999999999946e-03 -2.824670000000000045e-04 2.118429999999999977e-04
-2.646729999999999916e-03 -2.826910000000000078e-04 2.122650000000000014e-04
-2.649509999999999886e-03 -2.829150000000000111e-04 2.126879999999999938e-04
-2.652279999999999915e-03 -2.831390000000000144e-04 2.131099999999999976e-04
-2.655059999999999885e-03 -2.833630000000000176e-04 2.135329999999999900e-04
-2.657839999999999855e-03 -2.835870000000000209e-04 2.139569999999999981e-04
-2.660609999999999885e-03 -2.838100000000000084e-04 2.143799999999999905e-04
-2.663389999999999855e-03 -2.840340000000000117e-04 2.148039999999999986e-04
-2.666169999999999825e-03 -2.842569999999999993e-04 2.152280000000000068e-04
-2.668949999999999795e-03 -2.844799999999999868e-04 2.156530000000000035e-04
-2.671719999999999824e-03 -2.847029999999999743e-04 2.160770000000000117e-04
-2.674499999999999794e-03 -2.849260000000000161e-04 2.165020000000000085e-04
-2.677280000000000198e-03 -2.851490000000000036e-04 2.169270000000000052e-04
-2.680049999999999794e-03 -2.853719999999999911e-04 2.173529999999999907e-04
-2.682830000000000197e-03 -2.855940000000000171e-04 2.177779999999999874e-04
-2.685610000000000167e-03 -2.858170000000000046e-04 2.182040000000000000e-04
-2.688380000000000197e-03 -2.860389999999999764e-04 2.186300000000000125e-04
-2.691160000000000167e-03 -2.862610000000000024e-04 2.190569999999999865e-04
-2.693940000000000137e-03 -2.864839999999999900e-04 2.194829999999999991e-04
-2.696720000000000107e-03 -2.867060000000000160e-04 2.199100000000000002e-04
-2.699490000000000136e-03 -2.869270000000000262e-04 2.203379999999999900e-04
-2.702270000000000106e-03 -2.871489999999999980e-04 2.207649999999999912e-04
-2.705050000000000076e-03 -2.873710000000000240e-04 2.211930000000000081e-04
-2.707820000000000105e-03 -2.875919999999999800e-04 2.216209999999999979e-04
-2.710600000000000075e-03 -2.878140000000000060e-04 2.220489999999999877e-04
-2.713380000000000045e-03 -2.880350000000000163e-04 2.224770000000000046e-04
-2.716150000000000075e-03 -2.882560000000000265e-04 2.229060000000000102e-04
-2.718930000000000045e-03 -2.884769999999999826e-04 2.233349999999999886e-04
-2.721710000000000015e-03 -2.886979999999999928e-04 2.237639999999999942e-04
-2.724480000000000044e-03 -2.889179999999999873e-04 2.241939999999999883e-04
-2.727260000000000014e-03 -2.891389999999999976e-04 2.246240000000000096e-04
