0.000000000000000000e+00 -2.409999999999999887e-18 -1.369999999999999952e-17
-3.166080000000000017e-05 -3.049999999999999915e-07 -2.099999999999999799e-06
-6.209059999999999807e-05 -1.810000000000000035e-06 -1.569999999999999876e-05
-9.452010000000000327e-05 -4.909999999999999577e-06 -2.760000000000000002e-05
-1.288790000000000107e-04 -1.410000000000000053e-05 -2.640000000000000135e-05
-1.633600000000000080e-04 -1.709999999999999891e-05 -2.689999999999999995e-05
-1.984590000000000052e-04 -2.040000000000000119e-05 -3.059999999999999840e-05
-2.346430000000000098e-04 -2.440000000000000017e-05 -3.339999999999999870e-05
-2.719649999999999889e-04 -2.890000000000000113e-05 -3.309999999999999818e-05
-3.098719999999999903e-04 -3.309999999999999818e-05 -3.309999999999999818e-05
-3.476870000000000069e-04 -3.789999999999999966e-05 -3.369999999999999922e-05
-3.850279999999999870e-04 -4.300000000000000165e-05 -3.320000000000000062e-05
-4.217089999999999836e-04 -4.839999999999999739e-05 -3.169999999999999804e-05
-4.575059999999999934e-04 -5.410000000000000041e-05 -3.009999999999999980e-05
-4.919809999999999505e-04 -6.009999999999999717e-05 -2.869999999999999965e-05
-5.229790000000000220e-04 -6.629999999999999880e-05 -2.680000000000000090e-05
-5.562059999999999530e-04 -7.239999999999999799e-05 -2.440000000000000017e-05
-5.887159999999999789e-04 -7.849999999999999719e-05 -2.169999999999999891e-05
-6.208509999999999550e-04 -8.420000000000000021e-05 -1.849999999999999906e-05
-6.527930000000000364e-04 -8.940000000000000464e-05 -1.489999999999999964e-05
-6.846050000000000225e-04 -9.409999999999999691e-05 -1.079999999999999993e-05
-7.157799999999999536e-04 -9.760000000000000067e-05 -5.779999999999999717e-06
-7.446640000000000247e-04 -9.959999999999999507e-05 5.430000000000000315e-07
-7.666329999999999629e-04 -9.969999999999999750e-05 8.760000000000000832e-06
-7.970320000000000356e-04 -1.008549999999999958e-04 1.520000000000000016e-05
-8.281809999999999910e-04 -1.029429999999999934e-04 2.069999999999999832e-05
-8.599939999999999928e-04 -1.065279999999999938e-04 2.510000000000000024e-05
-8.923540000000000421e-04 -1.111420000000000008e-04 2.890000000000000113e-05
-9.253609999999999787e-04 -1.161940000000000059e-04 3.259999999999999958e-05
-9.589379999999999996e-04 -1.216020000000000057e-04 3.619999999999999900e-05
-9.928280000000000698e-04 -1.271269999999999909e-04 4.009999999999999893e-05
-1.027059999999999996e-03 -1.330989999999999940e-04 4.350000000000000026e-05
-1.061740000000000036e-03 -1.392230000000000052e-04 4.679999999999999915e-05
-1.097480000000000070e-03 -1.453310000000000084e-04 5.039999999999999857e-05
-1.134390000000000094e-03 -1.513990000000000051e-04 5.410000000000000041e-05
-1.171970000000000043e-03 -1.574740000000000037e-04 5.789999999999999791e-05
-1.210909999999999938e-03 -1.633679999999999985e-04 6.190000000000000027e-05
-1.248659999999999961e-03 -1.691440000000000055e-04 6.600000000000000506e-05
-1.283340000000000002e-03 -1.747960000000000117e-04 6.990000000000000499e-05
-1.320640000000000095e-03 -1.801100000000000086e-04 7.440000000000000595e-05
-1.356229999999999936e-03 -1.852649999999999957e-04 7.880000000000000448e-05
-1.391419999999999983e-03 -1.901829999999999916e-04 8.359999999999999918e-05
-1.426259999999999941e-03 -1.949490000000000066e-04 8.839999999999999388e-05
-1.460630000000000088e-03 -1.995400000000000038e-04 9.349999999999999587e-05
-1.494459999999999972e-03 -2.039289999999999918e-04 9.870000000000000030e-05
-1.527860000000000025e-03 -2.079689999999999870e-04 1.042499999999999997e-04
-1.560849999999999911e-03 -2.116189999999999944e-04 1.102100000000000036e-04
-1.593309999999999909e-03 -2.148569999999999929e-04 1.165150000000000051e-04
-1.625090000000000041e-03 -2.175780000000000097e-04 1.232510000000000029e-04
-1.656480000000000105e-03 -2.203630000000000042e-04 1.299340000000000065e-04
-1.687579999999999939e-03 -2.237890000000000083e-04 1.361769999999999940e-04
-1.718609999999999973e-03 -2.278559999999999950e-04 1.420770000000000019e-04
-1.749839999999999902e-03 -2.324960000000000047e-04 1.476910000000000061e-04
-1.781459999999999901e-03 -2.376350000000000109e-04 1.530579999999999972e-04
-1.813560000000000085e-03 -2.429540000000000052e-04 1.583239999999999973e-04
-1.846229999999999920e-03 -2.484319999999999823e-04 1.634980000000000125e-04
-1.879430000000000076e-03 -2.540040000000000028e-04 1.685869999999999903e-04
-1.913140000000000023e-03 -2.595639999999999970e-04 1.736779999999999997e-04
-1.947210000000000000e-03 -2.649530000000000093e-04 1.788670000000000071e-04
-1.981600000000000028e-03 -2.701679999999999924e-04 1.840629999999999892e-04
-2.016360000000000027e-03 -2.750890000000000084e-04 1.893460000000000130e-04
-2.051439999999999861e-03 -2.796340000000000132e-04 1.948180000000000040e-04
-2.086750000000000063e-03 -2.838499999999999877e-04 2.004549999999999908e-04
-2.122310000000000082e-03 -2.877390000000000178e-04 2.062870000000000122e-04
-2.158179999999999994e-03 -2.912540000000000137e-04 2.123930000000000110e-04
-2.194119999999999925e-03 -2.946959999999999988e-04 2.185780000000000069e-04
-2.229720000000000139e-03 -2.984379999999999910e-04 2.246200000000000009e-04
-2.264420000000000061e-03 -3.024759999999999819e-04 2.305589999999999994e-04
-2.298709999999999816e-03 -3.066400000000000050e-04 2.364939999999999892e-04
-2.332620000000000093e-03 -3.109090000000000009e-04 2.424519999999999887e-04
-2.366159999999999965e-03 -3.152610000000000026e-04 2.484399999999999998e-04
-2.399239999999999966e-03 -3.196219999999999834e-04 2.545049999999999765e-04
-2.431790000000000080e-03 -3.239939999999999747e-04 2.606180000000000042e-04
-2.463949999999999908e-03 -3.283679999999999976e-04 2.667839999999999990e-04
-2.495849999999999978e-03 -3.327900000000000172e-04 2.729729999999999765e-04
-2.527639999999999835e-03 -3.373730000000000240e-04 2.791000000000000078e-04
-2.559520000000000024e-03 -3.420219999999999858e-04 2.852050000000000180e-04
-2.591620000000000208e-03 -3.466359999999999927e-04 2.913270000000000247e-04
-2.624039999999999793e-03 -3.513230000000000107e-04 2.973909999999999857e-04
-2.656710000000000061e-03 -3.561079999999999996e-04 3.033889999999999916e-04
-2.689689999999999789e-03 -3.608500000000000162e-04 3.093929999999999836e-04
-2.723000000000000160e-03 -3.652659999999999956e-04 3.155689999999999732e-04
-2.756619999999999990e-03 -3.694400000000000136e-04 3.218669999999999864e-04
-2.790570000000000030e-03 -3.736209999999999792e-04 3.281350000000000152e-04
-2.824800000000000141e-03 -3.776489999999999752e-04 3.344679999999999832e-04
-2.859140000000000032e-03 -3.812600000000000190e-04 3.410250000000000087e-04
-2.893650000000000215e-03 -3.846769999999999899e-04 3.476789999999999894e-04
-2.928169999999999905e-03 -3.882739999999999759e-04 3.542230000000000270e-04
-2.962699999999999969e-03 -3.918600000000000056e-04 3.607799999999999983e-04
-2.997060000000000175e-03 -3.953580000000000050e-04 3.674260000000000156e-04
-3.031219999999999835e-03 -3.988099999999999848e-04 3.741370000000000264e-04
-3.065109999999999797e-03 -4.022419999999999750e-04 3.809059999999999746e-04
-3.098679999999999924e-03 -4.057430000000000216e-04 3.876810000000000173e-04
-3.131940000000000158e-03 -4.093999999999999766e-04 3.944059999999999775e-04
-3.164919999999999886e-03 -4.132119999999999869e-04 4.010810000000000178e-04
-3.197619999999999976e-03 -4.171620000000000016e-04 4.077199999999999791e-04
-3.230160000000000149e-03 -4.214800000000000100e-04 4.142050000000000094e-04
-3.262539999999999971e-03 -4.260259999999999763e-04 4.206209999999999832e-04
-3.294850000000000209e-03 -4.305730000000000126e-04 4.271009999999999889e-04
-3.327140000000000132e-03 -4.347700000000000132e-04 4.337759999999999750e-04
-3.359510000000000014e-03 -4.384100000000000258e-04 4.407300000000000171e-04
-3.392189999999999789e-03 -4.427829999999999787e-04 4.472869999999999884e-04
-3.425200000000000206e-03 -4.475680000000000218e-04 4.536370000000000072e-04
-3.458409999999999870e-03 -4.514149999999999868e-04 4.604759999999999734e-04
-3.492040000000000075e-03 -4.559039999999999772e-04 4.668809999999999909e-04
-3.525900000000000215e-03 -4.598930000000000097e-04 4.735660000000000260e-04
-3.559940000000000153e-03 -4.634409999999999832e-04 4.804979999999999928e-04
-3.594099999999999812e-03 -4.665989999999999960e-04 4.876440000000000223e-04
-3.628319999999999983e-03 -4.693850000000000062e-04 4.950119999999999694e-04
-3.662480000000000076e-03 -4.719440000000000202e-04 5.025150000000000363e-04
-3.696459999999999937e-03 -4.746420000000000001e-04 5.099660000000000434e-04
-3.730259999999999999e-03 -4.775320000000000216e-04 5.175789999999999991e-04
-3.763879999999999830e-03 -4.807149999999999943e-04 5.249570000000000495e-04
-3.797239999999999904e-03 -4.839760000000000026e-04 5.322459999999999995e-04
-3.830479999999999823e-03 -4.873109999999999833e-04 5.405889999999999567e-04
-3.863520000000000062e-03 -4.904059999999999800e-04 5.508429999999999707e-04
-3.896220000000000152e-03 -4.943120000000000066e-04 5.584809999999999948e-04
-3.928749999999999951e-03 -4.986189999999999503e-04 5.651760000000000247e-04
-3.961280000000000183e-03 -5.031840000000000531e-04 5.716710000000000498e-04
-3.993880000000000000e-03 -5.075449999999999797e-04 5.783270000000000077e-04
-4.026560000000000208e-03 -5.117410000000000188e-04 5.851009999999999805e-04
-4.059400000000000334e-03 -5.156899999999999635e-04 5.920279999999999770e-04
-4.092389999999999570e-03 -5.194009999999999556e-04 5.990979999999999483e-04
-4.125499999999999827e-03 -5.229499999999999990e-04 6.062720000000000392e-04
-4.158730000000000239e-03 -5.263229999999999818e-04 6.135570000000000346e-04
-4.192079999999999938e-03 -5.295309999999999687e-04 6.209499999999999959e-04
-4.225549999999999792e-03 -5.325689999999999895e-04 6.284510000000000313e-04
-4.259100000000000039e-03 -5.354799999999999621e-04 6.360429999999999817e-04
-4.292699999999999988e-03 -5.382909999999999865e-04 6.437139999999999833e-04
-4.326319999999999819e-03 -5.410929999999999776e-04 6.514059999999999902e-04
-4.359919999999999768e-03 -5.439899999999999467e-04 6.590590000000000337e-04
-4.393410000000000371e-03 -5.470050000000000389e-04 6.666989999999999809e-04
-4.426789999999999892e-03 -5.501269999999999728e-04 6.743320000000000347e-04
-4.460010000000000363e-03 -5.533250000000000191e-04 6.819960000000000345e-04
-4.493079999999999991e-03 -5.565290000000000514e-04 6.897739999999999861e-04
-4.526080000000000034e-03 -5.600699999999999689e-04 6.973349999999999905e-04
-4.559050000000000255e-03 -5.639590000000000531e-04 7.046389999999999598e-04
-4.591890000000000381e-03 -5.678709999999999574e-04 7.119729999999999679e-04
-4.624640000000000174e-03 -5.716200000000000057e-04 7.194760000000000348e-04
-4.657350000000000205e-03 -5.752380000000000514e-04 7.270910000000000220e-04
-4.690109999999999939e-03 -5.787060000000000121e-04 7.347970000000000326e-04
-4.722920000000000243e-03 -5.820590000000000052e-04 7.425819999999999860e-04
-4.755800000000000131e-03 -5.853149999999999889e-04 7.504389999999999889e-04
-4.788739999999999664e-03 -5.884669999999999615e-04 7.583740000000000273e-04
-4.821749999999999647e-03 -5.915500000000000402e-04 7.663709999999999576e-04
-4.854820000000000142e-03 -5.945679999999999629e-04 7.744279999999999654e-04
-4.887950000000000281e-03 -5.975309999999999953e-04 7.825409999999999875e-04
-4.921130000000000122e-03 -6.004779999999999927e-04 7.906880000000000028e-04
-4.954349999999999726e-03 -6.034029999999999689e-04 7.988739999999999817e-04
-4.987609999999999960e-03 -6.063289999999999609e-04 8.070850000000000289e-04
-5.020850000000000313e-03 -6.092979999999999794e-04 8.152990000000000150e-04
-5.054109999999999679e-03 -6.122849999999999560e-04 8.235290000000000362e-04
-5.087340000000000091e-03 -6.153099999999999889e-04 8.317659999999999507e-04
-5.120509999999999992e-03 -6.183809999999999871e-04 8.400060000000000209e-04
-5.153650000000000071e-03 -6.214900000000000415e-04 8.482529999999999844e-04
-5.186709999999999758e-03 -6.246119999999999754e-04 8.565180000000000146e-04
-5.219709999999999801e-03 -6.277529999999999916e-04 8.647970000000000483e-04
-5.252650000000000201e-03 -6.309129999999999816e-04 8.730909999999999930e-04
-5.285530000000000089e-03 -6.340490000000000275e-04 8.814190000000000393e-04
-5.318350000000000334e-03 -6.371810000000000104e-04 8.897720000000000455e-04
-5.351129999999999949e-03 -6.403010000000000212e-04 8.981539999999999663e-04
-5.383899999999999623e-03 -6.433850000000000072e-04 9.065790000000000220e-04
-5.416630000000000403e-03 -6.464479999999999879e-04 9.150379999999999625e-04
-5.449370000000000255e-03 -6.494779999999999911e-04 9.235390000000000222e-04
-5.482139999999999930e-03 -6.524669999999999992e-04 9.320879999999999704e-04
-5.514909999999999604e-03 -6.554220000000000141e-04 9.406800000000000534e-04
-5.547800000000000301e-03 -6.583319999999999710e-04 9.493270000000000267e-04
-5.580710000000000011e-03 -6.612280000000000327e-04 9.580069999999999775e-04
-5.613619999999999721e-03 -6.641190000000000157e-04 9.667119999999999966e-04
-5.646599999999999883e-03 -6.669970000000000109e-04 9.754559999999999793e-04
-5.679560000000000164e-03 -6.698690000000000200e-04 9.842250000000000304e-04
-5.712530000000000385e-03 -6.727389999999999976e-04 9.930200000000000572e-04
-5.745499999999999739e-03 -6.756070000000000521e-04 1.001839999999999935e-03
-5.778450000000000079e-03 -6.784719999999999510e-04 1.010690000000000069e-03
-5.811329999999999968e-03 -6.813449999999999758e-04 1.019549999999999927e-03
-5.844199999999999916e-03 -6.842120000000000146e-04 1.028449999999999981e-03
-5.877069999999999864e-03 -6.870729999999999589e-04 1.037369999999999915e-03
-5.909929999999999871e-03 -6.899270000000000099e-04 1.046309999999999948e-03
-5.942760000000000056e-03 -6.927759999999999821e-04 1.055289999999999961e-03
-5.975560000000000420e-03 -6.956199999999999840e-04 1.064290000000000071e-03
-6.008359999999999916e-03 -6.984579999999999999e-04 1.073310000000000063e-03
-6.041140000000000398e-03 -7.012900000000000297e-04 1.082370000000000033e-03
-6.073910000000000073e-03 -7.041000000000000383e-04 1.091460000000000043e-03
-6.106659999999999866e-03 -7.068829999999999471e-04 1.100599999999999972e-03
-6.139389999999999778e-03 -7.096609999999999941e-04 1.109769999999999941e-03
-6.172119999999999690e-03 -7.124320000000000392e-04 1.118960000000000007e-03
-6.204829999999999721e-03 -7.151749999999999687e-04 1.128199999999999993e-03
-6.237519999999999870e-03 -7.178819999999999819e-04 1.137509999999999997e-03
-6.270190000000000138e-03 -7.205830000000000091e-04 1.146850000000000040e-03
-6.302870000000000347e-03 -7.232770000000000345e-04 1.156209999999999963e-03
-6.335529999999999808e-03 -7.259649999999999654e-04 1.165599999999999926e-03
-6.368190000000000135e-03 -7.286460000000000029e-04 1.175009999999999987e-03
-6.400839999999999655e-03 -7.313219999999999617e-04 1.184450000000000086e-03
-6.433490000000000042e-03 -7.339910000000000271e-04 1.193920000000000007e-03
-6.466119999999999680e-03 -7.366350000000000241e-04 1.203429999999999908e-03
-6.498720000000000364e-03 -7.392419999999999807e-04 1.213010000000000043e-03
-6.531310000000000240e-03 -7.418429999999999512e-04 1.222610000000000060e-03
-6.563900000000000116e-03 -7.444370000000000284e-04 1.232239999999999898e-03
-6.596480000000000052e-03 -7.470260000000000268e-04 1.241890000000000051e-03
-6.629050000000000047e-03 -7.496070000000000077e-04 1.251570000000000026e-03
-6.661620000000000041e-03 -7.521830000000000183e-04 1.261280000000000040e-03
-6.694180000000000096e-03 -7.547520000000000270e-04 1.271009999999999935e-03
-6.726710000000000328e-03 -7.572710000000000075e-04 1.280810000000000065e-03
-6.759180000000000049e-03 -7.596999999999999803e-04 1.290729999999999916e-03
-6.791639999999999830e-03 -7.621219999999999514e-04 1.300659999999999924e-03
-6.824099999999999611e-03 -7.645370000000000291e-04 1.310629999999999911e-03
-6.856550000000000318e-03 -7.669470000000000280e-04 1.320610000000000056e-03
-6.888990000000000218e-03 -7.693500000000000252e-04 1.330629999999999964e-03
-6.921430000000000117e-03 -7.717470000000000363e-04 1.340669999999999969e-03
-6.953860000000000076e-03 -7.741379999999999529e-04 1.350740000000000014e-03
-6.986290000000000035e-03 -7.765219999999999761e-04 1.360829999999999939e-03
-7.018700000000000112e-03 -7.789000000000000134e-04 1.370949999999999903e-03
-7.051110000000000190e-03 -7.812719999999999561e-04 1.381089999999999965e-03
-7.083510000000000327e-03 -7.836370000000000054e-04 1.391260000000000066e-03
-7.115909999999999597e-03 -7.859959999999999603e-04 1.401459999999999989e-03
-7.148299999999999793e-03 -7.883490000000000376e-04 1.411680000000000009e-03
-7.180680000000000049e-03 -7.906960000000000204e-04 1.421930000000000069e-03
-7.213060000000000305e-03 -7.930360000000000013e-04 1.432200000000000010e-03
-7.245399999999999931e-03 -7.953320000000000485e-04 1.442539999999999968e-03
-7.277689999999999854e-03 -7.975210000000000372e-04 1.453010000000000022e-03
-7.309969999999999836e-03 -7.997040000000000398e-04 1.463509999999999898e-03
-7.342239999999999878e-03 -8.018800000000000407e-04 1.474030000000000088e-03
-7.374509999999999919e-03 -8.040509999999999628e-04 1.484580000000000101e-03
-7.406770000000000020e-03 -8.062149999999999915e-04 1.495149999999999995e-03
-7.439020000000000181e-03 -8.083720000000000185e-04 1.505749999999999927e-03
-7.471260000000000401e-03 -8.105239999999999667e-04 1.516369999999999958e-03
-7.503499999999999753e-03 -8.126690000000000216e-04 1.527029999999999967e-03
-7.535730000000000033e-03 -8.148079999999999819e-04 1.537699999999999918e-03
-7.567950000000000371e-03 -8.169409999999999563e-04 1.548399999999999907e-03
-7.600169999999999842e-03 -8.190670000000000372e-04 1.559129999999999934e-03
-7.632370000000000300e-03 -8.211880000000000394e-04 1.569890000000000001e-03
-7.664569999999999890e-03 -8.233020000000000399e-04 1.580660000000000008e-03
-7.696770000000000347e-03 -8.254090000000000385e-04 1.591469999999999994e-03
-7.728950000000000056e-03 -8.275109999999999584e-04 1.602300000000000078e-03
-7.761099999999999943e-03 -8.295740000000000232e-04 1.613199999999999964e-03
-7.793150000000000424e-03 -8.315119999999999630e-04 1.624299999999999963e-03
-7.825189999999999230e-03 -8.334440000000000251e-04 1.635420000000000059e-03
-7.857219999999999829e-03 -8.353699999999999928e-04 1.646560000000000037e-03
-7.889240000000000488e-03 -8.372889999999999586e-04 1.657730000000000054e-03
-7.921259999999999413e-03 -8.392020000000000469e-04 1.668929999999999893e-03
-7.953270000000000131e-03 -8.411090000000000406e-04 1.680150000000000046e-03
-7.985269999999999174e-03 -8.430090000000000326e-04 1.691400000000000022e-03
-8.017260000000000011e-03 -8.449039999999999459e-04 1.702670000000000095e-03
-8.049239999999999173e-03 -8.467919999999999657e-04 1.713969999999999990e-03
-8.081220000000000070e-03 -8.486739999999999996e-04 1.725299999999999924e-03
-8.113189999999999291e-03 -8.505500000000000473e-04 1.736649999999999956e-03
-8.145150000000000307e-03 -8.524189999999999849e-04 1.748020000000000086e-03
-8.177099999999999647e-03 -8.542820000000000448e-04 1.759429999999999978e-03
-8.209050000000000721e-03 -8.561390000000000102e-04 1.770850000000000028e-03
-8.240990000000000121e-03 -8.579899999999999896e-04 1.782299999999999900e-03
-8.272919999999999580e-03 -8.598349999999999830e-04 1.793780000000000027e-03
-8.304840000000000833e-03 -8.616729999999999745e-04 1.805280000000000036e-03
-8.336750000000000410e-03 -8.635049999999999800e-04 1.816810000000000083e-03
-8.368659999999999988e-03 -8.653309999999999995e-04 1.828369999999999952e-03
-8.400549999999999684e-03 -8.671510000000000329e-04 1.839949999999999919e-03
-8.432439999999999380e-03 -8.689639999999999561e-04 1.851549999999999984e-03
-8.464330000000000812e-03 -8.707720000000000174e-04 1.863180000000000088e-03
-8.496200000000000627e-03 -8.725729999999999684e-04 1.874840000000000013e-03
-8.528070000000000442e-03 -8.743680000000000419e-04 1.886520000000000037e-03
-8.559920000000000376e-03 -8.761560000000000051e-04 1.898219999999999942e-03
-8.591770000000000310e-03 -8.779389999999999980e-04 1.909960000000000043e-03
-8.623610000000000303e-03 -8.797149999999999892e-04 1.921710000000000085e-03
-8.655450000000000296e-03 -8.814849999999999942e-04 1.933500000000000106e-03
-8.687270000000000408e-03 -8.832490000000000133e-04 1.945300000000000067e-03
-8.719090000000000520e-03 -8.850060000000000305e-04 1.957140000000000008e-03
-8.750900000000000692e-03 -8.867579999999999690e-04 1.968999999999999830e-03
-8.782689999999999247e-03 -8.884980000000000438e-04 1.980889999999999908e-03
-8.814390000000000072e-03 -8.901700000000000237e-04 1.992939999999999903e-03
-8.846069999999999281e-03 -8.918360000000000176e-04 2.005020000000000153e-03
-8.877750000000000224e-03 -8.934960000000000254e-04 2.017119999999999851e-03
-8.909419999999999493e-03 -8.951490000000000315e-04 2.029239999999999863e-03
-8.941080000000000555e-03 -8.967960000000000514e-04 2.041390000000000132e-03
-8.972729999999999942e-03 -8.984379999999999927e-04 2.053569999999999788e-03
-9.004369999999999388e-03 -9.000730000000000406e-04 2.065770000000000193e-03
-9.036010000000000569e-03 -9.017009999999999782e-04 2.077990000000000045e-03
-9.067640000000000075e-03 -9.033240000000000540e-04 2.090250000000000094e-03
-9.099249999999999700e-03 -9.049400000000000195e-04 2.102520000000000083e-03
-9.130859999999999324e-03 -9.065510000000000148e-04 2.114819999999999894e-03
-9.162470000000000683e-03 -9.081550000000000082e-04 2.127149999999999961e-03
-9.194060000000000427e-03 -9.097530000000000156e-04 2.139499999999999909e-03
-9.225640000000000229e-03 -9.113440000000000213e-04 2.151880000000000112e-03
-9.257220000000000032e-03 -9.129299999999999481e-04 2.164280000000000197e-03
-9.288789999999999894e-03 -9.145089999999999816e-04 2.176710000000000103e-03
-9.320339999999999875e-03 -9.160830000000000448e-04 2.189169999999999831e-03
-9.351889999999999856e-03 -9.176499999999999978e-04 2.201639999999999934e-03
-9.383429999999999896e-03 -9.192109999999999647e-04 2.214149999999999799e-03
-9.414969999999999936e-03 -9.207650000000000383e-04 2.226679999999999979e-03
-9.446490000000000095e-03 -9.223140000000000331e-04 2.239230000000000040e-03
-9.478000000000000314e-03 -9.238560000000000261e-04 2.251809999999999923e-03
-9.509510000000000532e-03 -9.253920000000000331e-04 2.264410000000000121e-03
-9.541010000000000810e-03 -9.269220000000000540e-04 2.277040000000000140e-03
-9.572499999999999412e-03 -9.284459999999999805e-04 2.289699999999999982e-03
-9.603979999999999809e-03 -9.299640000000000293e-04 2.302380000000000138e-03
-9.635450000000000265e-03 -9.314759999999999837e-04 2.315080000000000176e-03
-9.666910000000000780e-03 -9.329810000000000447e-04 2.327810000000000035e-03
-9.698359999999999620e-03 -9.344800000000000112e-04 2.340570000000000150e-03
-9.729810000000000195e-03 -9.359729999999999916e-04 2.353350000000000147e-03
-9.761239999999999153e-03 -9.374599999999999860e-04 2.366150000000000024e-03
-9.792669999999999847e-03 -9.389409999999999944e-04 2.378980000000000157e-03
-9.824009999999999340e-03 -9.403890000000000252e-04 2.391930000000000011e-03
-9.855340000000000628e-03 -9.418290000000000385e-04 2.404910000000000121e-03
-9.886660000000000240e-03 -9.432629999999999574e-04 2.417910000000000111e-03
-9.917969999999999911e-03 -9.446909999999999986e-04 2.430929999999999983e-03
-9.949269999999999642e-03 -9.461130000000000538e-04 2.443980000000000111e-03
-9.980559999999999432e-03 -9.475279999999999987e-04 2.457060000000000060e-03
-1.001179999999999952e-02 -9.489379999999999734e-04 2.470159999999999891e-03
-1.004309999999999925e-02 -9.503409999999999462e-04 2.483280000000000036e-03
-1.007440000000000072e-02 -9.517380000000000414e-04 2.496439999999999944e-03
-1.010559999999999931e-02 -9.531290000000000422e-04 2.509609999999999792e-03
-1.013690000000000077e-02 -9.545139999999999484e-04 2.522809999999999896e-03
-1.016809999999999936e-02 -9.558929999999999771e-04 2.536039999999999822e-03
-1.019929999999999969e-02 -9.572650000000000039e-04 2.549290000000000063e-03
-1.023059999999999942e-02 -9.586319999999999520e-04 2.562560000000000185e-03
-1.026179999999999974e-02 -9.599920000000000068e-04 2.575860000000000129e-03
-1.029300000000000007e-02 -9.613469999999999828e-04 2.589189999999999894e-03
-1.032420000000000039e-02 -9.626949999999999570e-04 2.602539999999999975e-03
-1.035529999999999957e-02 -9.640370000000000536e-04 2.615919999999999877e-03
-1.038649999999999990e-02 -9.653729999999999473e-04 2.629320000000000095e-03
-1.041770000000000022e-02 -9.667019999999999476e-04 2.642740000000000193e-03
-1.044879999999999941e-02 -9.680259999999999776e-04 2.656190000000000113e-03
-1.047999999999999973e-02 -9.693430000000000058e-04 2.669669999999999856e-03
-1.051110000000000065e-02 -9.706549999999999553e-04 2.683169999999999913e-03
-1.054219999999999983e-02 -9.719600000000000115e-04 2.696689999999999851e-03
-1.057340000000000016e-02 -9.732589999999999731e-04 2.710240000000000045e-03
-1.060449999999999934e-02 -9.745519999999999487e-04 2.723810000000000120e-03
-1.063560000000000026e-02 -9.758390000000000467e-04 2.737410000000000017e-03
-1.066660000000000004e-02 -9.771199999999999417e-04 2.751040000000000169e-03
-1.069769999999999922e-02 -9.783949999999999592e-04 2.764690000000000203e-03
-1.072880000000000014e-02 -9.796629999999999748e-04 2.778360000000000118e-03
-1.075989999999999933e-02 -9.809260000000000201e-04 2.792059999999999854e-03
-1.079090000000000084e-02 -9.821820000000000637e-04 2.805779999999999906e-03
-1.082190000000000062e-02 -9.832420000000000569e-04 2.819710000000000012e-03
-1.085279999999999925e-02 -9.842510000000000061e-04 2.833700000000000194e-03
-1.088380000000000077e-02 -9.852540000000000776e-04 2.847720000000000199e-03
-1.091469999999999940e-02 -9.862510000000000547e-04 2.861760000000000085e-03
-1.094559999999999977e-02 -9.872419999999999373e-04 2.875819999999999852e-03
-1.097659999999999955e-02 -9.882269999999999423e-04 2.889909999999999875e-03
-1.100749999999999992e-02 -9.892060000000000696e-04 2.904030000000000153e-03
-1.103840000000000030e-02 -9.901779999999999783e-04 2.918169999999999879e-03
-1.106930000000000067e-02 -9.911449999999999167e-04 2.932329999999999919e-03
-1.110009999999999990e-02 -9.921059999999999775e-04 2.946520000000000215e-03
-1.113100000000000027e-02 -9.930600000000000364e-04 2.960739999999999900e-03
-1.116190000000000064e-02 -9.940080000000000009e-04 2.974979999999999899e-03
-1.119269999999999987e-02 -9.949509999999999951e-04 2.989240000000000213e-03
-1.122350000000000084e-02 -9.958869999999999875e-04 3.003529999999999915e-03
-1.125439999999999947e-02 -9.968170000000001023e-04 3.017839999999999932e-03
-1.128520000000000044e-02 -9.977409999999999057e-04 3.032180000000000205e-03
-1.131599999999999967e-02 -9.986590000000000484e-04 3.046539999999999925e-03
-1.134680000000000064e-02 -9.995710000000000966e-04 3.060929999999999901e-03
-1.137759999999999987e-02 -1.000479999999999989e-03 3.075340000000000192e-03
-1.140840000000000083e-02 -1.001380000000000065e-03 3.089769999999999930e-03
-1.143910000000000066e-02 -1.002269999999999984e-03 3.104239999999999864e-03
-1.146989999999999989e-02 -1.003159999999999902e-03 3.118720000000000173e-03
-1.150059999999999971e-02 -1.004040000000000097e-03 3.133229999999999869e-03
-1.153140000000000068e-02 -1.004909999999999918e-03 3.147769999999999822e-03
-1.156210000000000050e-02 -1.005779999999999955e-03 3.162320000000000148e-03
-1.159280000000000033e-02 -1.006649999999999993e-03 3.176909999999999804e-03
-1.162350000000000015e-02 -1.007499999999999932e-03 3.191520000000000207e-03
-1.165419999999999998e-02 -1.008360000000000029e-03 3.206150000000000059e-03
-1.168489999999999980e-02 -1.009200000000000028e-03 3.220810000000000166e-03
-1.171559999999999963e-02 -1.010040000000000026e-03 3.235490000000000154e-03
-1.174620000000000004e-02 -1.010870000000000084e-03 3.250199999999999964e-03
-1.177689999999999987e-02 -1.011699999999999926e-03 3.264930000000000089e-03
-1.180750000000000029e-02 -1.012349999999999969e-03 3.279830000000000072e-03
-1.183799999999999956e-02 -1.012909999999999896e-03 3.294829999999999894e-03
-1.186859999999999998e-02 -1.013460000000000099e-03 3.309850000000000032e-03
-1.189909999999999926e-02 -1.014010000000000085e-03 3.324890000000000050e-03
-1.192960000000000027e-02 -1.014549999999999914e-03 3.339959999999999891e-03
-1.196020000000000069e-02 -1.015089999999999959e-03 3.355050000000000046e-03
-1.199069999999999997e-02 -1.015620000000000064e-03 3.370170000000000023e-03
-1.202119999999999925e-02 -1.016140000000000012e-03 3.385309999999999882e-03
-1.205160000000000085e-02 -1.016659999999999960e-03 3.400479999999999996e-03
-1.208210000000000013e-02 -1.017169999999999967e-03 3.415669999999999991e-03
-1.211259999999999941e-02 -1.017679999999999974e-03 3.430889999999999808e-03
-1.214299999999999928e-02 -1.018180000000000040e-03 3.446129999999999940e-03
-1.217350000000000029e-02 -1.018680000000000106e-03 3.461389999999999953e-03
-1.220390000000000016e-02 -1.019160000000000075e-03 3.476679999999999788e-03
-1.223430000000000004e-02 -1.019649999999999983e-03 3.491999999999999878e-03
-1.226469999999999991e-02 -1.020120000000000011e-03 3.507329999999999910e-03
-1.229509999999999978e-02 -1.020590000000000039e-03 3.522700000000000137e-03
-1.232549999999999965e-02 -1.021060000000000067e-03 3.538079999999999871e-03
-1.235589999999999952e-02 -1.021509999999999996e-03 3.553489999999999861e-03
-1.238619999999999999e-02 -1.021959999999999926e-03 3.568930000000000106e-03
-1.241659999999999986e-02 -1.022410000000000072e-03 3.584389999999999799e-03
-1.244690000000000032e-02 -1.022850000000000061e-03 3.599869999999999806e-03
-1.247720000000000079e-02 -1.023279999999999893e-03 3.615380000000000069e-03
-1.250760000000000066e-02 -1.023709999999999941e-03 3.630910000000000214e-03
-1.253789999999999939e-02 -1.024130000000000049e-03 3.646470000000000180e-03
-1.256819999999999986e-02 -1.024549999999999940e-03 3.662050000000000027e-03
-1.259839999999999918e-02 -1.024960000000000107e-03 3.677660000000000130e-03
-1.262869999999999965e-02 -1.025359999999999900e-03 3.693290000000000114e-03
-1.265900000000000011e-02 -1.025759999999999910e-03 3.708939999999999980e-03
-1.268919999999999944e-02 -1.026149999999999979e-03 3.724620000000000101e-03
-1.271949999999999990e-02 -1.026540000000000048e-03 3.740320000000000103e-03
-1.274969999999999923e-02 -1.026919999999999960e-03 3.756049999999999927e-03
-1.277990000000000029e-02 -1.027289999999999931e-03 3.771819999999999947e-03
-1.281009999999999961e-02 -1.027649999999999961e-03 3.787630000000000163e-03
-1.284030000000000067e-02 -1.028009999999999992e-03 3.803459999999999827e-03
-1.287050000000000000e-02 -1.028360000000000081e-03 3.819309999999999806e-03
-1.290059999999999991e-02 -1.028709999999999954e-03 3.835199999999999981e-03
-1.293079999999999924e-02 -1.029039999999999946e-03 3.851100000000000096e-03
-1.296089999999999916e-02 -1.029380000000000095e-03 3.867030000000000033e-03
-1.299100000000000081e-02 -1.029699999999999930e-03 3.882979999999999852e-03
-1.302120000000000014e-02 -1.030029999999999921e-03 3.898959999999999926e-03
-1.305130000000000005e-02 -1.030340000000000032e-03 3.914960000000000315e-03
-1.308139999999999997e-02 -1.030649999999999926e-03 3.930989999999999658e-03
-1.311140000000000048e-02 -1.030950000000000095e-03 3.947039999999999750e-03
-1.314150000000000040e-02 -1.031250000000000049e-03 3.963109999999999723e-03
-1.317160000000000032e-02 -1.031540000000000061e-03 3.979210000000000386e-03
-1.320160000000000083e-02 -1.031830000000000074e-03 3.995330000000000062e-03
-1.323170000000000075e-02 -1.032099999999999988e-03 4.011480000000000427e-03
-1.326169999999999953e-02 -1.032380000000000060e-03 4.027649999999999807e-03
-1.329170000000000004e-02 -1.032640000000000034e-03 4.043849999999999875e-03
-1.332170000000000055e-02 -1.032909999999999948e-03 4.060069999999999825e-03
-1.335169999999999933e-02 -1.033159999999999981e-03 4.076309999999999656e-03
-1.338169999999999984e-02 -1.033410000000000014e-03 4.092580000000000176e-03
-1.341159999999999922e-02 -1.033650000000000107e-03 4.108869999999999710e-03
-1.344159999999999973e-02 -1.033889999999999983e-03 4.125179999999999993e-03
-1.347150000000000084e-02 -1.034119999999999918e-03 4.141520000000000097e-03
-1.350149999999999961e-02 -1.034350000000000070e-03 4.157880000000000083e-03
-1.353140000000000072e-02 -1.034570000000000064e-03 4.174269999999999890e-03
-1.356130000000000009e-02 -1.034779999999999901e-03 4.190679999999999579e-03
-1.359119999999999946e-02 -1.034989999999999955e-03 4.207119999999999957e-03
-1.362110000000000057e-02 -1.035190000000000068e-03 4.223580000000000216e-03
-1.365099999999999994e-02 -1.035380000000000024e-03 4.240060000000000356e-03
-1.368079999999999991e-02 -1.035569999999999980e-03 4.256570000000000319e-03
-1.371069999999999928e-02 -1.035759999999999936e-03 4.273100000000000162e-03
-1.374049999999999924e-02 -1.035939999999999951e-03 4.289689999999999649e-03
-1.377029999999999921e-02 -1.036119999999999966e-03 4.306349999999999588e-03
-1.379999999999999977e-02 -1.036299999999999982e-03 4.323040000000000216e-03
-1.382979999999999973e-02 -1.036470000000000056e-03 4.339749999999999858e-03
-1.385950000000000029e-02 -1.036629999999999973e-03 4.356480000000000248e-03
-1.388930000000000026e-02 -1.036790000000000107e-03 4.373239999999999593e-03
-1.391900000000000082e-02 -1.036940000000000084e-03 4.390019999999999686e-03
-1.394869999999999964e-02 -1.037090000000000060e-03 4.406829999999999602e-03
-1.397840000000000020e-02 -1.037230000000000096e-03 4.423650000000000325e-03
-1.400799999999999962e-02 -1.037359999999999975e-03 4.440509999999999943e-03
-1.403770000000000018e-02 -1.037490000000000070e-03 4.457380000000000370e-03
-1.406740000000000074e-02 -1.037610000000000008e-03 4.474289999999999691e-03
-1.409700000000000016e-02 -1.037729999999999946e-03 4.491209999999999820e-03
-1.412659999999999957e-02 -1.037839999999999943e-03 4.508159999999999772e-03
-1.415630000000000013e-02 -1.037949999999999940e-03 4.525129999999999604e-03
-1.418589999999999955e-02 -1.038049999999999997e-03 4.542130000000000126e-03
-1.421550000000000070e-02 -1.038139999999999896e-03 4.559149999999999661e-03
-1.424510000000000012e-02 -1.038230000000000012e-03 4.576189999999999945e-03
-1.427460000000000014e-02 -1.038309999999999971e-03 4.593260000000000051e-03
-1.430419999999999955e-02 -1.038379999999999989e-03 4.610350000000000038e-03
-1.433369999999999957e-02 -1.038450000000000007e-03 4.627459999999999907e-03
-1.436330000000000072e-02 -1.038510000000000084e-03 4.644599999999999597e-03
-1.439280000000000073e-02 -1.038569999999999945e-03 4.661760000000000036e-03
-1.442230000000000074e-02 -1.038620000000000081e-03 4.678950000000000296e-03
-1.445180000000000076e-02 -1.038670000000000001e-03 4.696159999999999571e-03
-1.448130000000000077e-02 -1.038709999999999981e-03 4.713389999999999594e-03
-1.451080000000000078e-02 -1.038740000000000019e-03 4.730650000000000306e-03
-1.454019999999999965e-02 -1.038770000000000058e-03 4.747930000000000032e-03
-1.456969999999999967e-02 -1.038789999999999939e-03 4.765239999999999580e-03
-1.459910000000000027e-02 -1.038810000000000037e-03 4.782559999999999936e-03
-1.462860000000000028e-02 -1.038819999999999978e-03 4.799920000000000055e-03
-1.465799999999999916e-02 -1.038819999999999978e-03 4.817290000000000114e-03
-1.468739999999999976e-02 -1.038819999999999978e-03 4.834689999999999994e-03
-1.471680000000000037e-02 -1.038810000000000037e-03 4.852119999999999697e-03
-1.474609999999999983e-02 -1.038800000000000097e-03 4.869560000000000208e-03
-1.477550000000000044e-02 -1.038779999999999999e-03 4.887029999999999673e-03
-1.480489999999999931e-02 -1.038749999999999960e-03 4.904529999999999827e-03
-1.483420000000000051e-02 -1.038719999999999921e-03 4.922049999999999863e-03
-1.486349999999999998e-02 -1.038679999999999942e-03 4.939589999999999780e-03
-1.489290000000000058e-02 -1.038639999999999963e-03 4.957149999999999578e-03
-1.492220000000000005e-02 -1.038590000000000043e-03 4.974740000000000065e-03
-1.495140000000000011e-02 -1.038529999999999965e-03 4.992350000000000433e-03
-1.498069999999999957e-02 -1.038470000000000105e-03 5.009989999999999756e-03
-1.501000000000000077e-02 -1.038410000000000027e-03 5.027649999999999827e-03
-1.503930000000000024e-02 -1.038330000000000069e-03 5.045329999999999780e-03
-1.506850000000000030e-02 -1.038260000000000051e-03 5.063040000000000422e-03
-1.509770000000000036e-02 -1.038169999999999935e-03 5.080770000000000078e-03
-1.512690000000000042e-02 -1.038080000000000036e-03 5.098519999999999615e-03
-1.515610000000000047e-02 -1.037979999999999979e-03 5.116299999999999841e-03
-1.518530000000000053e-02 -1.037879999999999922e-03 5.134099999999999948e-03
-1.521450000000000059e-02 -1.037769999999999925e-03 5.151929999999999878e-03
-1.524370000000000065e-02 -1.037659999999999928e-03 5.169769999999999747e-03
-1.527279999999999957e-02 -1.037539999999999990e-03 5.187650000000000247e-03
-1.530199999999999963e-02 -1.037409999999999895e-03 5.205539999999999820e-03
-1.533110000000000028e-02 -1.037280000000000016e-03 5.223460000000000082e-03
-1.536019999999999920e-02 -1.037149999999999921e-03 5.241400000000000226e-03
-1.538929999999999985e-02 -1.036999999999999944e-03 5.259370000000000191e-03
-1.541840000000000051e-02 -1.036849999999999968e-03 5.277360000000000037e-03
-1.544749999999999943e-02 -1.036699999999999991e-03 5.295369999999999765e-03
-1.547660000000000008e-02 -1.036540000000000074e-03 5.313400000000000241e-03
-1.550559999999999959e-02 -1.036370000000000000e-03 5.331459999999999672e-03
-1.553470000000000024e-02 -1.036199999999999925e-03 5.349549999999999791e-03
-1.556369999999999976e-02 -1.036019999999999910e-03 5.367649999999999852e-03
-1.559269999999999927e-02 -1.035829999999999954e-03 5.385779999999999734e-03
-1.562170000000000052e-02 -1.035639999999999998e-03 5.403950000000000246e-03
-1.565060000000000062e-02 -1.035389999999999965e-03 5.422220000000000165e-03
-1.567949999999999899e-02 -1.035139999999999932e-03 5.440519999999999905e-03
-1.570840000000000083e-02 -1.034879999999999958e-03 5.458829999999999585e-03
-1.573729999999999921e-02 -1.034619999999999984e-03 5.477179999999999896e-03
-1.576620000000000105e-02 -1.034350000000000070e-03 5.495540000000000147e-03
-1.579500000000000001e-02 -1.034079999999999938e-03 5.513930000000000220e-03
-1.582389999999999838e-02 -1.033800000000000083e-03 5.532340000000000174e-03
-1.585270000000000082e-02 -1.033510000000000071e-03 5.550770000000000010e-03
-1.588149999999999978e-02 -1.033220000000000059e-03 5.569229999999999667e-03
-1.591029999999999875e-02 -1.032920000000000105e-03 5.587710000000000073e-03
-1.593910000000000118e-02 -1.032619999999999936e-03 5.606220000000000300e-03
-1.596790000000000015e-02 -1.032310000000000042e-03 5.624739999999999601e-03
-1.599659999999999971e-02 -1.031999999999999931e-03 5.643289999999999591e-03
-1.602539999999999867e-02 -1.031680000000000097e-03 5.661870000000000271e-03
-1.605410000000000170e-02 -1.031350000000000105e-03 5.680469999999999964e-03
-1.608280000000000126e-02 -1.031019999999999897e-03 5.699090000000000406e-03
-1.611150000000000082e-02 -1.030679999999999964e-03 5.717729999999999861e-03
-1.614020000000000038e-02 -1.030330000000000091e-03 5.736400000000000006e-03
-1.616889999999999994e-02 -1.029980000000000001e-03 5.755090000000000032e-03
-1.619759999999999950e-02 -1.029629999999999912e-03 5.773799999999999939e-03
-1.622619999999999965e-02 -1.029270000000000098e-03 5.792539999999999668e-03
-1.625489999999999921e-02 -1.028899999999999910e-03 5.811290000000000205e-03
-1.628349999999999936e-02 -1.028529999999999939e-03 5.830079999999999638e-03
-1.631209999999999952e-02 -1.028150000000000027e-03 5.848879999999999878e-03
-1.634069999999999967e-02 -1.027759999999999958e-03 5.867709999999999940e-03
-1.636929999999999982e-02 -1.027370000000000106e-03 5.886559999999999883e-03
-1.639789999999999998e-02 -1.026970000000000096e-03 5.905439999999999648e-03
-1.642650000000000013e-02 -1.026570000000000087e-03 5.924340000000000162e-03
-1.645500000000000088e-02 -1.026159999999999919e-03 5.943259999999999689e-03
-1.648350000000000162e-02 -1.025749999999999969e-03 5.962199999999999965e-03
-1.651209999999999831e-02 -1.025330000000000078e-03 5.981170000000000063e-03
-1.654059999999999905e-02 -1.024900000000000030e-03 6.000160000000000042e-03
-1.656909999999999980e-02 -1.024469999999999981e-03 6.019169999999999902e-03
-1.659760000000000055e-02 -1.024039999999999933e-03 6.038209999999999585e-03
-1.662599999999999842e-02 -1.023590000000000003e-03 6.057270000000000015e-03
-1.665449999999999917e-02 -1.023140000000000074e-03 6.076350000000000327e-03
-1.668290000000000051e-02 -1.022689999999999927e-03 6.095459999999999594e-03
-1.671140000000000125e-02 -1.022230000000000057e-03 6.114589999999999609e-03
-1.673979999999999912e-02 -1.021760000000000029e-03 6.133740000000000372e-03
-1.676820000000000047e-02 -1.021290000000000002e-03 6.152910000000000150e-03
-1.679659999999999834e-02 -1.020810000000000033e-03 6.172109999999999749e-03
-1.682490000000000027e-02 -1.020330000000000065e-03 6.191330000000000097e-03
-1.685330000000000161e-02 -1.019839999999999939e-03 6.210570000000000326e-03
-1.688160000000000008e-02 -1.019340000000000090e-03 6.229840000000000377e-03
-1.691000000000000142e-02 -1.018840000000000023e-03 6.249130000000000310e-03
-1.693829999999999988e-02 -1.018339999999999957e-03 6.268440000000000123e-03
-1.696659999999999835e-02 -1.017820000000000009e-03 6.287779999999999758e-03
-1.699490000000000028e-02 -1.017310000000000002e-03 6.307140000000000142e-03
-1.702319999999999875e-02 -1.016779999999999897e-03 6.326520000000000407e-03
-1.705140000000000128e-02 -1.016250000000000009e-03 6.345919999999999686e-03
-1.707969999999999974e-02 -1.015719999999999904e-03 6.365349999999999654e-03
-1.710789999999999880e-02 -1.015169999999999918e-03 6.384800000000000371e-03
-1.713620000000000074e-02 -1.014630000000000089e-03 6.404270000000000101e-03
-1.716439999999999980e-02 -1.014069999999999945e-03 6.423769999999999654e-03
-1.719259999999999886e-02 -1.013519999999999959e-03 6.443280000000000014e-03
-1.722069999999999851e-02 -1.012950000000000092e-03 6.462830000000000137e-03
-1.724890000000000104e-02 -1.012380000000000007e-03 6.482390000000000201e-03
-1.727710000000000010e-02 -1.011820000000000080e-03 6.501990000000000026e-03
-1.730510000000000034e-02 -1.011310000000000073e-03 6.521619999999999674e-03
-1.733320000000000000e-02 -1.010779999999999968e-03 6.541289999999999952e-03
-1.736120000000000024e-02 -1.010250000000000080e-03 6.560970000000000170e-03
-1.738929999999999990e-02 -1.009719999999999975e-03 6.580680000000000210e-03
-1.741730000000000014e-02 -1.009179999999999930e-03 6.600410000000000131e-03
-1.744530000000000039e-02 -1.008629999999999943e-03 6.620159999999999934e-03
-1.747330000000000064e-02 -1.008079999999999957e-03 6.639940000000000425e-03
-1.750130000000000088e-02 -1.007520000000000030e-03 6.659729999999999990e-03
-1.752920000000000172e-02 -1.006949999999999946e-03 6.679560000000000185e-03
-1.755719999999999850e-02 -1.006380000000000078e-03 6.699400000000000320e-03
-1.758509999999999934e-02 -1.005809999999999994e-03 6.719270000000000277e-03
-1.761300000000000018e-02 -1.005229999999999969e-03 6.739150000000000175e-03
-1.764090000000000102e-02 -1.004640000000000003e-03 6.759069999999999835e-03
-1.766879999999999840e-02 -1.004040000000000097e-03 6.779000000000000303e-03
-1.769669999999999924e-02 -1.003449999999999915e-03 6.798959999999999726e-03
-1.772460000000000008e-02 -1.002840000000000068e-03 6.818939999999999897e-03
-1.775240000000000151e-02 -1.002230000000000005e-03 6.838939999999999950e-03
-1.778019999999999948e-02 -1.001619999999999941e-03 6.858959999999999883e-03
-1.780810000000000032e-02 -1.000989999999999996e-03 6.879009999999999639e-03
-1.783589999999999828e-02 -1.000369999999999992e-03 6.899080000000000143e-03
-1.786369999999999972e-02 -9.997330000000000452e-04 6.919169999999999661e-03
-1.789150000000000115e-02 -9.990940000000000671e-04 6.939279999999999927e-03
-1.791919999999999971e-02 -9.984499999999999018e-04 6.959420000000000016e-03
-1.794700000000000115e-02 -9.977989999999999516e-04 6.979579999999999985e-03
-1.797469999999999971e-02 -9.971430000000000311e-04 6.999759999999999836e-03
-1.800240000000000173e-02 -9.964819999999999234e-04 7.019970000000000376e-03
-1.803010000000000029e-02 -9.958140000000000307e-04 7.040199999999999930e-03
-1.805779999999999885e-02 -9.951409999999999510e-04 7.060450000000000233e-03
-1.808550000000000088e-02 -9.944619999999999935e-04 7.080720000000000416e-03
-1.811319999999999944e-02 -9.937780000000000658e-04 7.101009999999999614e-03
-1.814079999999999859e-02 -9.930869999999999195e-04 7.121330000000000368e-03
-1.816850000000000062e-02 -9.923910000000000196e-04 7.141670000000000136e-03
-1.819609999999999977e-02 -9.916899999999999327e-04 7.162029999999999785e-03
-1.822369999999999893e-02 -9.909829999999999681e-04 7.182420000000000124e-03
-1.825130000000000155e-02 -9.902690000000000017e-04 7.202820000000000403e-03
-1.827890000000000070e-02 -9.895509999999999723e-04 7.223249999999999636e-03
-1.830640000000000045e-02 -9.888259999999999411e-04 7.243699999999999618e-03
-1.833399999999999960e-02 -9.880959999999999396e-04 7.264180000000000290e-03
-1.836149999999999935e-02 -9.873600000000000605e-04 7.284679999999999975e-03
-1.838899999999999910e-02 -9.866189999999999943e-04 7.305189999999999600e-03
-1.841649999999999884e-02 -9.858720000000000504e-04 7.325739999999999856e-03
-1.844399999999999859e-02 -9.851190000000000120e-04 7.346300000000000052e-03
-1.847149999999999834e-02 -9.843600000000000960e-04 7.366890000000000070e-03
-1.849900000000000155e-02 -9.835959999999999929e-04 7.387490000000000029e-03
-1.852639999999999842e-02 -9.828260000000000121e-04 7.408119999999999809e-03
-1.855390000000000164e-02 -9.820499999999999369e-04 7.428780000000000279e-03
-1.858129999999999851e-02 -9.812690000000001082e-04 7.449449999999999822e-03
-1.860869999999999885e-02 -9.804819999999999681e-04 7.470150000000000054e-03
-1.863609999999999919e-02 -9.796900000000000747e-04 7.490870000000000167e-03
-1.866340000000000013e-02 -9.788909999999999625e-04 7.511610000000000162e-03
-1.869080000000000047e-02 -9.780880000000000043e-04 7.532379999999999978e-03
-1.871810000000000140e-02 -9.772780000000000442e-04 7.553159999999999735e-03
-1.874549999999999828e-02 -9.764630000000000054e-04 7.573970000000000181e-03
-1.877279999999999921e-02 -9.756419999999999806e-04 7.594809999999999582e-03
-1.880010000000000014e-02 -9.748149999999999697e-04 7.615659999999999791e-03
-1.882740000000000108e-02 -9.739829999999999885e-04 7.636529999999999881e-03
-1.885459999999999914e-02 -9.731450000000000213e-04 7.657429999999999792e-03
-1.888190000000000007e-02 -9.722700000000000136e-04 7.678410000000000096e-03
-1.890899999999999873e-02 -9.713540000000000108e-04 7.699459999999999985e-03
-1.893610000000000085e-02 -9.704320000000000220e-04 7.720539999999999695e-03
-1.896319999999999950e-02 -9.695049999999999545e-04 7.741650000000000094e-03
-1.899030000000000162e-02 -9.685720000000000093e-04 7.762769999999999566e-03
-1.901740000000000028e-02 -9.676329999999999697e-04 7.783909999999999788e-03
-1.904439999999999952e-02 -9.666889999999999598e-04 7.805079999999999830e-03
-1.907150000000000165e-02 -9.657389999999999638e-04 7.826269999999999755e-03
-1.909850000000000089e-02 -9.647829999999999817e-04 7.847480000000000427e-03
-1.912550000000000014e-02 -9.638220000000000294e-04 7.868719999999999187e-03
-1.915249999999999939e-02 -9.628549999999999826e-04 7.889969999999999622e-03
-1.917949999999999863e-02 -9.618819999999999497e-04 7.911249999999999880e-03
-1.920650000000000135e-02 -9.609039999999999465e-04 7.932550000000000018e-03
-1.923340000000000119e-02 -9.599199999999999573e-04 7.953870000000000037e-03
-1.926040000000000044e-02 -9.589309999999999978e-04 7.975219999999999879e-03
-1.928730000000000028e-02 -9.579360000000000522e-04 7.996579999999999661e-03
-1.931420000000000012e-02 -9.569350000000000122e-04 8.017969999999999264e-03
-1.934109999999999996e-02 -9.559290000000000018e-04 8.039380000000000484e-03
-1.936799999999999980e-02 -9.549170000000000054e-04 8.060809999999999850e-03
-1.939480000000000023e-02 -9.539000000000000387e-04 8.082270000000000773e-03
-1.942170000000000007e-02 -9.528769999999999775e-04 8.103739999999999902e-03
-1.944850000000000051e-02 -9.518480000000000387e-04 8.125240000000000587e-03
-1.947530000000000094e-02 -9.508140000000000211e-04 8.146759999999999419e-03
-1.950210000000000138e-02 -9.497740000000000175e-04 8.168299999999999866e-03
-1.952889999999999834e-02 -9.487280000000000279e-04 8.189860000000000195e-03
-1.955569999999999878e-02 -9.476769999999999595e-04 8.211450000000000346e-03
-1.958249999999999921e-02 -9.466200000000000135e-04 8.233050000000000437e-03
-1.960920000000000024e-02 -9.455579999999999888e-04 8.254680000000000351e-03
-1.963590000000000127e-02 -9.444899999999999780e-04 8.276330000000000145e-03
-1.966259999999999883e-02 -9.434169999999999969e-04 8.297999999999999821e-03
-1.968929999999999986e-02 -9.423380000000000298e-04 8.319699999999999318e-03
-1.971600000000000089e-02 -9.412529999999999682e-04 8.341410000000000491e-03
-1.974269999999999844e-02 -9.401630000000000447e-04 8.363149999999999751e-03
-1.976930000000000007e-02 -9.390670000000000267e-04 8.384910000000000627e-03
-1.979600000000000110e-02 -9.379660000000000384e-04 8.406689999999999649e-03
-1.982259999999999925e-02 -9.368589999999999557e-04 8.428490000000000287e-03
-1.984920000000000087e-02 -9.357459999999999953e-04 8.450320000000000747e-03
-1.987579999999999902e-02 -9.346279999999999562e-04 8.472159999999999414e-03
-1.990230000000000124e-02 -9.335040000000000395e-04 8.494029999999999636e-03
-1.992889999999999939e-02 -9.323750000000000440e-04 8.515919999999999740e-03
-1.995540000000000161e-02 -9.312399999999999541e-04 8.537829999999999725e-03
-1.998199999999999976e-02 -9.301000000000000023e-04 8.559769999999999532e-03
-2.000849999999999851e-02 -9.289539999999999560e-04 8.581719999999999279e-03
-2.003500000000000072e-02 -9.278020000000000321e-04 8.603700000000000583e-03
-2.006140000000000007e-02 -9.266450000000000294e-04 8.625690000000000093e-03
-2.008789999999999881e-02 -9.254829999999999481e-04 8.647709999999999425e-03
-2.011440000000000103e-02 -9.243139999999999733e-04 8.669760000000000313e-03
-2.014080000000000037e-02 -9.231410000000000440e-04 8.691819999999999408e-03
-2.016719999999999971e-02 -9.219610000000000045e-04 8.713900000000000118e-03
-2.019359999999999905e-02 -9.207770000000000104e-04 8.736010000000000650e-03
-2.021999999999999839e-02 -9.195860000000000145e-04 8.758139999999999328e-03
-2.024640000000000120e-02 -9.183900000000000483e-04 8.780289999999999623e-03
-2.027270000000000114e-02 -9.171890000000000034e-04 8.802459999999999798e-03
-2.029900000000000107e-02 -9.159819999999999724e-04 8.824649999999999855e-03
-2.032540000000000041e-02 -9.147689999999999554e-04 8.846859999999999793e-03
-2.035170000000000035e-02 -9.135509999999999681e-04 8.869099999999999553e-03
-2.037800000000000028e-02 -9.123280000000000105e-04 8.891359999999999195e-03
-2.040420000000000081e-02 -9.110980000000000511e-04 8.913640000000000452e-03
-2.043040000000000134e-02 -9.097800000000000071e-04 8.936039999999999262e-03
-2.045649999999999899e-02 -9.084069999999999645e-04 8.958519999999999331e-03
-2.048260000000000011e-02 -9.070280000000000443e-04 8.981019999999999281e-03
-2.050870000000000123e-02 -9.056440000000000453e-04 9.003540000000000848e-03
-2.053479999999999889e-02 -9.042539999999999519e-04 9.026090000000000502e-03
-2.056080000000000060e-02 -9.028589999999999966e-04 9.048660000000000037e-03
-2.058679999999999885e-02 -9.014589999999999626e-04 9.071239999999999512e-03
-2.061289999999999997e-02 -9.000520000000000352e-04 9.093850000000000544e-03
-2.063879999999999881e-02 -8.986410000000000448e-04 9.116479999999999723e-03
-2.066480000000000053e-02 -8.972230000000000526e-04 9.139140000000000458e-03
-2.069079999999999878e-02 -8.958009999999999974e-04 9.161809999999999399e-03
-2.071670000000000109e-02 -8.943720000000000489e-04 9.184499999999999956e-03
-2.074269999999999933e-02 -8.929390000000000374e-04 9.207220000000000334e-03
-2.076860000000000164e-02 -8.914990000000000241e-04 9.229960000000000594e-03
-2.079450000000000048e-02 -8.900549999999999478e-04 9.252720000000000736e-03
-2.082039999999999932e-02 -8.886039999999999781e-04 9.275500000000000758e-03
-2.084630000000000163e-02 -8.871490000000000539e-04 9.298300000000000662e-03
-2.087210000000000107e-02 -8.856870000000000194e-04 9.321120000000000447e-03
-2.089790000000000050e-02 -8.842210000000000304e-04 9.343960000000000113e-03
-2.092379999999999934e-02 -8.827480000000000396e-04 9.366829999999999601e-03
-2.094959999999999878e-02 -8.812709999999999858e-04 9.389710000000000764e-03
-2.097540000000000168e-02 -8.797879999999999459e-04 9.412620000000000015e-03
-2.100110000000000171e-02 -8.782990000000000285e-04 9.435549999999999146e-03
-2.102690000000000115e-02 -8.768050000000000323e-04 9.458499999999999894e-03
-2.105260000000000117e-02 -8.753050000000000500e-04 9.481470000000000523e-03
-2.107830000000000120e-02 -8.737999999999999890e-04 9.504459999999999298e-03
-2.110410000000000064e-02 -8.722899999999999578e-04 9.527469999999999689e-03
-2.112970000000000126e-02 -8.707740000000000489e-04 9.550499999999999962e-03
-2.115540000000000129e-02 -8.692520000000000455e-04 9.573560000000000056e-03
-2.118110000000000132e-02 -8.677249999999999634e-04 9.596630000000000091e-03
-2.120669999999999847e-02 -8.661930000000000194e-04 9.619729999999999948e-03
-2.123229999999999909e-02 -8.646549999999999809e-04 9.642849999999999686e-03
-2.125789999999999971e-02 -8.631119999999999721e-04 9.665989999999999305e-03
-2.128350000000000034e-02 -8.615629999999999773e-04 9.689150000000000540e-03
-2.130910000000000096e-02 -8.600090000000000122e-04 9.712329999999999922e-03
-2.133470000000000158e-02 -8.584489999999999526e-04 9.735529999999999184e-03
-2.136019999999999933e-02 -8.568840000000000311e-04 9.758750000000000063e-03
-2.138570000000000054e-02 -8.553130000000000151e-04 9.782000000000000764e-03
-2.141130000000000116e-02 -8.537370000000000288e-04 9.805259999999999670e-03
-2.143669999999999951e-02 -8.521559999999999638e-04 9.828550000000000134e-03
-2.146220000000000072e-02 -8.505690000000000212e-04 9.851850000000000537e-03
-2.148769999999999847e-02 -8.489769999999999999e-04 9.875180000000000763e-03
-2.151310000000000028e-02 -8.473789999999999925e-04 9.898529999999999135e-03
-2.153860000000000149e-02 -8.457760000000000148e-04 9.921900000000000858e-03
-2.156399999999999983e-02 -8.441670000000000510e-04 9.945290000000000727e-03
-2.158940000000000164e-02 -8.425530000000000085e-04 9.968700000000000477e-03
-2.161470000000000058e-02 -8.409339999999999957e-04 9.992130000000000109e-03
-2.164009999999999892e-02 -8.393089999999999969e-04 1.001559999999999950e-02
-2.166540000000000132e-02 -8.376790000000000277e-04 1.003910000000000045e-02
-2.169079999999999966e-02 -8.360429999999999641e-04 1.006259999999999967e-02
-2.171609999999999860e-02 -8.344020000000000386e-04 1.008610000000000062e-02
-2.174140000000000100e-02 -8.327550000000000186e-04 1.010959999999999984e-02
-2.176660000000000053e-02 -8.311030000000000284e-04 1.013320000000000019e-02
-2.179189999999999947e-02 -8.294459999999999594e-04 1.015669999999999941e-02
-2.181709999999999899e-02 -8.277830000000000127e-04 1.018029999999999977e-02
-2.184240000000000140e-02 -8.261149999999999874e-04 1.020399999999999953e-02
-2.186760000000000093e-02 -8.244419999999999917e-04 1.022759999999999989e-02
-2.189280000000000045e-02 -8.227630000000000100e-04 1.025129999999999965e-02
-2.191790000000000058e-02 -8.210000000000000067e-04 1.027510000000000055e-02
-2.194290000000000129e-02 -8.192110000000000277e-04 1.029889999999999972e-02
-2.196789999999999854e-02 -8.174169999999999700e-04 1.032280000000000003e-02
-2.199289999999999926e-02 -8.156170000000000347e-04 1.034659999999999920e-02
-2.201789999999999997e-02 -8.138120000000000206e-04 1.037049999999999951e-02
-2.204290000000000069e-02 -8.120020000000000363e-04 1.039449999999999923e-02
-2.206790000000000140e-02 -8.101859999999999574e-04 1.041839999999999954e-02
-2.209279999999999924e-02 -8.083650000000000167e-04 1.044239999999999925e-02
-2.211770000000000055e-02 -8.065379999999999815e-04 1.046640000000000070e-02
-2.214259999999999839e-02 -8.047059999999999760e-04 1.049040000000000042e-02
-2.216749999999999970e-02 -8.028690000000000002e-04 1.051440000000000013e-02
-2.219240000000000101e-02 -8.010260000000000383e-04 1.053839999999999985e-02
-2.221729999999999886e-02 -7.991779999999999978e-04 1.056250000000000071e-02
-2.224210000000000076e-02 -7.973249999999999869e-04 1.058659999999999983e-02
-2.226689999999999919e-02 -7.954659999999999899e-04 1.061070000000000069e-02
-2.229170000000000110e-02 -7.936020000000000227e-04 1.063479999999999981e-02
-2.231649999999999953e-02 -7.917329999999999767e-04 1.065900000000000007e-02
-2.234130000000000144e-02 -7.898580000000000531e-04 1.068320000000000033e-02
-2.236600000000000046e-02 -7.879780000000000508e-04 1.070729999999999946e-02
-2.239079999999999890e-02 -7.860919999999999540e-04 1.073160000000000086e-02
-2.241550000000000140e-02 -7.842009999999999953e-04 1.075579999999999939e-02
-2.244020000000000042e-02 -7.823049999999999579e-04 1.077999999999999965e-02
-2.246489999999999945e-02 -7.804030000000000428e-04 1.080429999999999932e-02
-2.248959999999999848e-02 -7.784960000000000491e-04 1.082860000000000072e-02
-2.251420000000000157e-02 -7.765839999999999766e-04 1.085290000000000039e-02
-2.253880000000000119e-02 -7.746660000000000264e-04 1.087720000000000006e-02
-2.256350000000000022e-02 -7.727429999999999976e-04 1.090159999999999914e-02
-2.258800000000000044e-02 -7.708149999999999984e-04 1.092599999999999995e-02
-2.261260000000000006e-02 -7.688810000000000132e-04 1.095040000000000076e-02
-2.263719999999999968e-02 -7.669419999999999493e-04 1.097479999999999983e-02
-2.266169999999999990e-02 -7.649980000000000235e-04 1.099920000000000064e-02
-2.268629999999999952e-02 -7.630490000000000189e-04 1.102370000000000086e-02
-2.271079999999999974e-02 -7.610940000000000283e-04 1.104809999999999993e-02
-2.273529999999999995e-02 -7.591330000000000517e-04 1.107260000000000015e-02
-2.275970000000000076e-02 -7.571680000000000120e-04 1.109719999999999977e-02
-2.278420000000000098e-02 -7.551969999999999864e-04 1.112169999999999999e-02
-2.280859999999999832e-02 -7.532209999999999904e-04 1.114629999999999961e-02
-2.283309999999999854e-02 -7.512390000000000083e-04 1.117079999999999983e-02
-2.285749999999999935e-02 -7.492519999999999476e-04 1.119539999999999945e-02
-2.288190000000000016e-02 -7.472600000000000249e-04 1.122000000000000081e-02
-2.290620000000000156e-02 -7.452630000000000235e-04 1.124469999999999983e-02
-2.293059999999999890e-02 -7.432600000000000361e-04 1.126929999999999946e-02
-2.295490000000000030e-02 -7.412519999999999699e-04 1.129400000000000022e-02
-2.297920000000000171e-02 -7.392390000000000419e-04 1.131869999999999925e-02
-2.300349999999999964e-02 -7.372200000000000194e-04 1.134340000000000001e-02
-2.302780000000000105e-02 -7.351960000000000266e-04 1.136820000000000018e-02
-2.305209999999999898e-02 -7.331669999999999550e-04 1.139289999999999921e-02
-2.307630000000000098e-02 -7.311320000000000058e-04 1.141769999999999938e-02
-2.310059999999999891e-02 -7.290929999999999937e-04 1.144249999999999955e-02
-2.312480000000000091e-02 -7.270479999999999955e-04 1.146729999999999972e-02
-2.314899999999999944e-02 -7.249970000000000112e-04 1.149219999999999929e-02
-2.317320000000000144e-02 -7.229419999999999640e-04 1.151699999999999946e-02
-2.319730000000000056e-02 -7.208810000000000391e-04 1.154190000000000077e-02
-2.322149999999999909e-02 -7.188140000000000198e-04 1.156680000000000035e-02
-2.324560000000000168e-02 -7.167430000000000459e-04 1.159169999999999992e-02
-2.326970000000000080e-02 -7.146659999999999775e-04 1.161670000000000064e-02
-2.329379999999999992e-02 -7.125840000000000472e-04 1.164160000000000021e-02
-2.331779999999999964e-02 -7.104970000000000382e-04 1.166659999999999919e-02
-2.334179999999999935e-02 -7.084360000000000050e-04 1.169159999999999991e-02
-2.336579999999999907e-02 -7.063710000000000171e-04 1.171670000000000003e-02
-2.338969999999999938e-02 -7.043009999999999505e-04 1.174170000000000075e-02
-2.341369999999999910e-02 -7.022250000000000063e-04 1.176679999999999914e-02
-2.343759999999999941e-02 -7.001449999999999991e-04 1.179189999999999926e-02
-2.346149999999999972e-02 -6.980590000000000059e-04 1.181699999999999938e-02
-2.348530000000000062e-02 -6.959680000000000423e-04 1.184220000000000064e-02
-2.350920000000000093e-02 -6.938709999999999843e-04 1.186730000000000076e-02
-2.353299999999999836e-02 -6.917699999999999717e-04 1.189250000000000029e-02
-2.355679999999999927e-02 -6.896629999999999731e-04 1.191769999999999982e-02
-2.358060000000000017e-02 -6.875510000000000042e-04 1.194289999999999935e-02
-2.360440000000000108e-02 -6.854330000000000492e-04 1.196820000000000002e-02
-2.362819999999999851e-02 -6.833110000000000312e-04 1.199350000000000069e-02
-2.365190000000000001e-02 -6.811830000000000272e-04 1.201870000000000022e-02
-2.367570000000000091e-02 -6.790500000000000529e-04 1.204399999999999915e-02
-2.369939999999999894e-02 -6.769109999999999841e-04 1.206939999999999923e-02
-2.372310000000000044e-02 -6.747679999999999607e-04 1.209469999999999990e-02
-2.374669999999999906e-02 -6.726189999999999513e-04 1.212009999999999997e-02
-2.377040000000000056e-02 -6.704649999999999716e-04 1.214540000000000064e-02
-2.379399999999999918e-02 -6.683060000000000216e-04 1.217080000000000072e-02
-2.381760000000000127e-02 -6.661419999999999928e-04 1.219630000000000020e-02
-2.384119999999999989e-02 -6.639719999999999780e-04 1.222170000000000027e-02
-2.386479999999999851e-02 -6.617969999999999929e-04 1.224719999999999975e-02
-2.388840000000000061e-02 -6.596170000000000375e-04 1.227259999999999983e-02
-2.391189999999999982e-02 -6.574320000000000034e-04 1.229809999999999931e-02
-2.393549999999999844e-02 -6.552409999999999832e-04 1.232369999999999993e-02
-2.395900000000000113e-02 -6.530460000000000084e-04 1.234919999999999941e-02
-2.398250000000000035e-02 -6.508450000000000476e-04 1.237480000000000004e-02
-2.400590000000000016e-02 -6.486390000000000081e-04 1.240029999999999952e-02
-2.402939999999999937e-02 -6.464279999999999983e-04 1.242590000000000014e-02
-2.405279999999999918e-02 -6.442110000000000024e-04 1.245150000000000076e-02
-2.407629999999999840e-02 -6.419900000000000519e-04 1.247720000000000079e-02
-2.409970000000000168e-02 -6.397630000000000070e-04 1.250279999999999968e-02
-2.412299999999999861e-02 -6.375309999999999918e-04 1.252849999999999971e-02
-2.414639999999999842e-02 -6.352940000000000063e-04 1.255419999999999973e-02
-2.416969999999999882e-02 -6.330510000000000347e-04 1.257989999999999976e-02
-2.419309999999999863e-02 -6.308040000000000001e-04 1.260559999999999979e-02
-2.421639999999999904e-02 -6.285509999999999795e-04 1.263139999999999923e-02
-2.423969999999999944e-02 -6.262929999999999886e-04 1.265720000000000039e-02
-2.426290000000000044e-02 -6.240300000000000274e-04 1.268299999999999983e-02
-2.428620000000000084e-02 -6.217619999999999874e-04 1.270879999999999926e-02
-2.430939999999999837e-02 -6.194889999999999772e-04 1.273460000000000043e-02
-2.433269999999999877e-02 -6.172099999999999809e-04 1.276049999999999927e-02
-2.435589999999999977e-02 -6.149260000000000143e-04 1.278630000000000044e-02
-2.437900000000000136e-02 -6.126369999999999689e-04 1.281219999999999928e-02
-2.440219999999999889e-02 -6.103439999999999690e-04 1.283809999999999986e-02
-2.442530000000000048e-02 -6.080439999999999673e-04 1.286400000000000043e-02
-2.444850000000000148e-02 -6.057400000000000111e-04 1.289000000000000042e-02
-2.447159999999999960e-02 -6.034309999999999761e-04 1.291600000000000040e-02
-2.449470000000000119e-02 -6.011159999999999550e-04 1.294189999999999924e-02
-2.451769999999999991e-02 -5.987959999999999637e-04 1.296789999999999922e-02
-2.454069999999999863e-02 -5.964899999999999760e-04 1.299400000000000034e-02
-2.456370000000000081e-02 -5.942130000000000111e-04 1.302000000000000032e-02
-2.458669999999999953e-02 -5.919309999999999676e-04 1.304609999999999971e-02
-2.460959999999999884e-02 -5.896439999999999538e-04 1.307209999999999969e-02
-2.463250000000000162e-02 -5.873519999999999696e-04 1.309820000000000081e-02
-2.465540000000000093e-02 -5.850539999999999994e-04 1.312430000000000020e-02
-2.467830000000000024e-02 -5.827519999999999662e-04 1.315050000000000073e-02
-2.470110000000000014e-02 -5.804439999999999470e-04 1.317660000000000012e-02
-2.472399999999999945e-02 -5.781309999999999574e-04 1.320280000000000065e-02
-2.474679999999999935e-02 -5.758129999999999976e-04 1.322899999999999944e-02
-2.476959999999999926e-02 -5.734899999999999590e-04 1.325519999999999997e-02
-2.479239999999999916e-02 -5.711619999999999501e-04 1.328140000000000050e-02
-2.481509999999999966e-02 -5.688279999999999552e-04 1.330770000000000043e-02
-2.483789999999999956e-02 -5.664900000000000057e-04 1.333389999999999923e-02
-2.486060000000000006e-02 -5.641459999999999617e-04 1.336019999999999916e-02
-2.488330000000000056e-02 -5.617979999999999632e-04 1.338650000000000083e-02
-2.490600000000000105e-02 -5.594439999999999786e-04 1.341280000000000076e-02
-2.492870000000000155e-02 -5.570850000000000237e-04 1.343920000000000010e-02
-2.495129999999999917e-02 -5.547209999999999901e-04 1.346550000000000004e-02
-2.497399999999999967e-02 -5.523519999999999862e-04 1.349189999999999938e-02
-2.499660000000000076e-02 -5.499780000000000120e-04 1.351830000000000045e-02
-2.501919999999999839e-02 -5.475989999999999591e-04 1.354469999999999980e-02
-2.504179999999999948e-02 -5.452140000000000285e-04 1.357120000000000028e-02
-2.506430000000000116e-02 -5.428250000000000349e-04 1.359759999999999962e-02
-2.508679999999999938e-02 -5.404299999999999469e-04 1.362410000000000010e-02
-2.510940000000000047e-02 -5.380310000000000127e-04 1.365060000000000058e-02
-2.513189999999999868e-02 -5.356259999999999841e-04 1.367709999999999933e-02
-2.515430000000000096e-02 -5.332170000000000009e-04 1.370359999999999981e-02
-2.517679999999999918e-02 -5.308020000000000316e-04 1.373019999999999970e-02
-2.519930000000000087e-02 -5.283819999999999836e-04 1.375679999999999958e-02
-2.522169999999999968e-02 -5.259569999999999653e-04 1.378339999999999947e-02
-2.524409999999999848e-02 -5.235269999999999768e-04 1.380999999999999936e-02
-2.526650000000000076e-02 -5.210920000000000179e-04 1.383659999999999925e-02
-2.528880000000000017e-02 -5.186519999999999802e-04 1.386319999999999913e-02
-2.531119999999999898e-02 -5.162069999999999723e-04 1.388990000000000016e-02
-2.533349999999999838e-02 -5.137559999999999783e-04 1.391659999999999946e-02
-2.535580000000000125e-02 -5.113010000000000298e-04 1.394330000000000049e-02
-2.537810000000000066e-02 -5.088410000000000025e-04 1.396999999999999978e-02
-2.540040000000000006e-02 -5.063760000000000049e-04 1.399670000000000081e-02
-2.542260000000000006e-02 -5.039050000000000213e-04 1.402349999999999951e-02
-2.544489999999999946e-02 -5.014299999999999747e-04 1.405029999999999994e-02
-2.546709999999999946e-02 -4.989490000000000505e-04 1.407710000000000038e-02
-2.548929999999999946e-02 -4.964639999999999548e-04 1.410390000000000081e-02
-2.551149999999999946e-02 -4.939729999999999815e-04 1.413069999999999951e-02
-2.553350000000000064e-02 -4.915009999999999822e-04 1.415759999999999935e-02
-2.555560000000000123e-02 -4.890250000000000282e-04 1.418449999999999919e-02
-2.557759999999999895e-02 -4.865439999999999956e-04 1.421140000000000077e-02
-2.559969999999999954e-02 -4.840590000000000084e-04 1.423830000000000061e-02
-2.562170000000000072e-02 -4.815679999999999809e-04 1.426529999999999986e-02
-2.564369999999999844e-02 -4.790719999999999831e-04 1.429230000000000084e-02
-2.566560000000000022e-02 -4.765719999999999765e-04 1.431930000000000008e-02
-2.568760000000000140e-02 -4.740659999999999839e-04 1.434629999999999933e-02
-2.570949999999999971e-02 -4.715550000000000210e-04 1.437330000000000031e-02
-2.573140000000000149e-02 -4.690389999999999794e-04 1.440029999999999956e-02
-2.575329999999999980e-02 -4.665189999999999832e-04 1.442739999999999995e-02
-2.577520000000000158e-02 -4.639930000000000009e-04 1.445450000000000033e-02
-2.579700000000000049e-02 -4.614619999999999942e-04 1.448160000000000072e-02
-2.581879999999999939e-02 -4.589260000000000171e-04 1.450869999999999937e-02
-2.584070000000000117e-02 -4.563859999999999770e-04 1.453579999999999976e-02
-2.586250000000000007e-02 -4.538400000000000051e-04 1.456299999999999956e-02
-2.588419999999999957e-02 -4.512890000000000087e-04 1.459019999999999935e-02
-2.590599999999999847e-02 -4.487329999999999878e-04 1.461739999999999914e-02
-2.592770000000000144e-02 -4.461730000000000123e-04 1.464460000000000067e-02
-2.594940000000000094e-02 -4.436069999999999965e-04 1.467180000000000047e-02
-2.597110000000000044e-02 -4.410360000000000105e-04 1.469909999999999967e-02
-2.599279999999999993e-02 -4.384610000000000157e-04 1.472629999999999946e-02
-2.601449999999999943e-02 -4.358799999999999806e-04 1.475360000000000039e-02
-2.603609999999999952e-02 -4.332939999999999752e-04 1.478089999999999959e-02
-2.605769999999999961e-02 -4.307040000000000152e-04 1.480820000000000053e-02
-2.607929999999999970e-02 -4.281080000000000150e-04 1.483559999999999914e-02
-2.610089999999999980e-02 -4.255080000000000060e-04 1.486290000000000007e-02
-2.612240000000000048e-02 -4.229020000000000110e-04 1.489030000000000041e-02
-2.614400000000000057e-02 -4.202920000000000072e-04 1.491770000000000075e-02
-2.616550000000000126e-02 -4.176760000000000173e-04 1.494509999999999936e-02
-2.618699999999999847e-02 -4.150560000000000187e-04 1.497260000000000084e-02
-2.620849999999999916e-02 -4.124309999999999955e-04 1.499999999999999944e-02
-2.622990000000000044e-02 -4.097999999999999863e-04 1.502749999999999919e-02
-2.625140000000000112e-02 -4.071650000000000226e-04 1.505500000000000067e-02
-2.627279999999999893e-02 -4.045249999999999801e-04 1.508250000000000042e-02
-2.629420000000000021e-02 -4.018800000000000215e-04 1.511000000000000017e-02
-2.631560000000000149e-02 -3.992299999999999842e-04 1.513749999999999991e-02
-2.633689999999999989e-02 -3.965749999999999766e-04 1.516510000000000080e-02
-2.635830000000000117e-02 -3.939149999999999987e-04 1.519269999999999995e-02
-2.637959999999999958e-02 -3.912499999999999962e-04 1.522030000000000084e-02
-2.640090000000000145e-02 -3.885800000000000235e-04 1.524790000000000000e-02
-2.642219999999999985e-02 -3.859050000000000262e-04 1.527549999999999915e-02
-2.644339999999999885e-02 -3.832260000000000202e-04 1.530319999999999944e-02
-2.646470000000000072e-02 -3.806349999999999903e-04 1.533080000000000033e-02
-2.648599999999999913e-02 -3.781440000000000170e-04 1.535839999999999948e-02
-2.650720000000000159e-02 -3.756489999999999808e-04 1.538600000000000037e-02
-2.652840000000000059e-02 -3.731489999999999742e-04 1.541359999999999952e-02
-2.654959999999999959e-02 -3.706429999999999816e-04 1.544120000000000041e-02
-2.657079999999999859e-02 -3.681329999999999802e-04 1.546890000000000071e-02
-2.659190000000000165e-02 -3.656180000000000085e-04 1.549659999999999926e-02
-2.661300000000000124e-02 -3.630980000000000123e-04 1.552429999999999956e-02
-2.663420000000000024e-02 -3.605719999999999759e-04 1.555199999999999985e-02
-2.665529999999999983e-02 -3.580430000000000006e-04 1.557970000000000015e-02
-2.667630000000000001e-02 -3.555079999999999850e-04 1.560749999999999985e-02
-2.669739999999999960e-02 -3.529679999999999992e-04 1.563519999999999840e-02
-2.671839999999999979e-02 -3.504229999999999888e-04 1.566299999999999984e-02
-2.673939999999999997e-02 -3.478740000000000239e-04 1.569080000000000127e-02
-2.676040000000000016e-02 -3.453190000000000187e-04 1.571869999999999865e-02
-2.678140000000000034e-02 -3.427600000000000048e-04 1.574650000000000008e-02
-2.680230000000000112e-02 -3.401950000000000048e-04 1.577440000000000092e-02
-2.682330000000000131e-02 -3.376259999999999960e-04 1.580219999999999889e-02
-2.684419999999999862e-02 -3.350520000000000169e-04 1.583009999999999973e-02
-2.686509999999999940e-02 -3.324730000000000133e-04 1.585800000000000057e-02
-2.688600000000000018e-02 -3.298889999999999852e-04 1.588600000000000081e-02
-2.690680000000000155e-02 -3.273010000000000025e-04 1.591390000000000166e-02
-2.692769999999999886e-02 -3.247069999999999796e-04 1.594189999999999843e-02
-2.694850000000000023e-02 -3.221090000000000021e-04 1.596989999999999868e-02
-2.696930000000000160e-02 -3.195049999999999843e-04 1.599789999999999893e-02
-2.699000000000000010e-02 -3.168970000000000120e-04 1.602589999999999917e-02
-2.701080000000000148e-02 -3.142840000000000152e-04 1.605389999999999942e-02
-2.703149999999999997e-02 -3.116659999999999938e-04 1.608199999999999907e-02
-2.705219999999999847e-02 -3.090430000000000022e-04 1.610999999999999932e-02
-2.707290000000000044e-02 -3.064160000000000017e-04 1.613809999999999897e-02
-2.709359999999999893e-02 -3.037830000000000153e-04 1.616619999999999863e-02
-2.711430000000000090e-02 -3.011460000000000200e-04 1.619440000000000116e-02
-2.713489999999999999e-02 -2.985040000000000002e-04 1.622250000000000081e-02
-2.715549999999999908e-02 -2.958570000000000102e-04 1.625069999999999987e-02
-2.717610000000000164e-02 -2.932049999999999956e-04 1.627879999999999952e-02
-2.719670000000000074e-02 -2.905480000000000107e-04 1.630699999999999858e-02
-2.721720000000000042e-02 -2.878860000000000013e-04 1.633520000000000111e-02
-2.723779999999999951e-02 -2.852199999999999831e-04 1.636349999999999957e-02
-2.725829999999999920e-02 -2.825489999999999946e-04 1.639169999999999863e-02
-2.727879999999999888e-02 -2.798729999999999816e-04 1.642000000000000057e-02
-2.729919999999999916e-02 -2.771919999999999983e-04 1.644829999999999903e-02
-2.731969999999999885e-02 -2.745059999999999905e-04 1.647660000000000097e-02
-2.734009999999999913e-02 -2.718150000000000123e-04 1.650489999999999943e-02
-2.736049999999999940e-02 -2.691209999999999870e-04 1.653320000000000137e-02
-2.738089999999999968e-02 -2.664699999999999881e-04 1.656149999999999983e-02
-2.740129999999999996e-02 -2.638149999999999805e-04 1.658990000000000117e-02
-2.742160000000000084e-02 -2.611579999999999956e-04 1.661819999999999964e-02
-2.744190000000000171e-02 -2.584980000000000177e-04 1.664660000000000098e-02
-2.746219999999999911e-02 -2.558360000000000083e-04 1.667499999999999885e-02
-2.748249999999999998e-02 -2.531710000000000058e-04 1.670340000000000019e-02
-2.750280000000000086e-02 -2.505040000000000261e-04 1.673180000000000153e-02
-2.752299999999999885e-02 -2.478339999999999992e-04 1.676029999999999881e-02
-2.754320000000000032e-02 -2.451609999999999792e-04 1.678870000000000015e-02
-2.756339999999999832e-02 -2.424849999999999933e-04 1.681720000000000090e-02
-2.758359999999999979e-02 -2.398070000000000030e-04 1.684570000000000164e-02
-2.760380000000000125e-02 -2.371270000000000083e-04 1.687419999999999892e-02
-2.762389999999999984e-02 -2.344439999999999935e-04 1.690269999999999967e-02
-2.764399999999999843e-02 -2.317580000000000128e-04 1.693129999999999982e-02
-2.766410000000000050e-02 -2.290690000000000120e-04 1.695980000000000057e-02
-2.768419999999999909e-02 -2.263780000000000067e-04 1.698840000000000072e-02
-2.770419999999999827e-02 -2.236849999999999971e-04 1.701700000000000088e-02
-2.772430000000000033e-02 -2.209880000000000058e-04 1.704560000000000103e-02
-2.774429999999999952e-02 -2.182899999999999988e-04 1.707420000000000118e-02
-2.776429999999999870e-02 -2.155880000000000101e-04 1.710280000000000133e-02
-2.778419999999999848e-02 -2.128839999999999899e-04 1.713150000000000089e-02
-2.780420000000000114e-02 -2.101779999999999924e-04 1.716010000000000105e-02
-2.782410000000000092e-02 -2.074680000000000133e-04 1.718880000000000061e-02
-2.784400000000000069e-02 -2.047569999999999913e-04 1.721750000000000017e-02
-2.786390000000000047e-02 -2.020419999999999877e-04 1.724619999999999972e-02
-2.788380000000000025e-02 -1.993250000000000067e-04 1.727489999999999928e-02
-2.790360000000000062e-02 -1.966059999999999943e-04 1.730370000000000172e-02
-2.792340000000000100e-02 -1.938839999999999889e-04 1.733240000000000128e-02
-2.794320000000000137e-02 -1.911589999999999904e-04 1.736120000000000024e-02
-2.796299999999999827e-02 -1.884319999999999875e-04 1.738999999999999921e-02
-2.798279999999999865e-02 -1.857019999999999916e-04 1.741880000000000164e-02
-2.800249999999999961e-02 -1.829699999999999914e-04 1.744770000000000001e-02
-2.802220000000000058e-02 -1.802349999999999981e-04 1.747649999999999898e-02
-2.804190000000000155e-02 -1.774980000000000004e-04 1.750530000000000141e-02
-2.806159999999999904e-02 -1.747580000000000097e-04 1.753419999999999979e-02
-2.808120000000000061e-02 -1.720149999999999988e-04 1.756310000000000163e-02
-2.810090000000000157e-02 -1.692700000000000107e-04 1.759200000000000000e-02
-2.812049999999999966e-02 -1.665220000000000025e-04 1.762089999999999837e-02
