0.000000000000000000e+00 -4.620000000000000069e-18 -6.229999999999999976e-18
-9.096929999999999654e-06 -4.140000000000000014e-08 -5.559999999999999494e-07
-1.776510000000000038e-05 -1.970000000000000038e-07 -4.040000000000000283e-06
-2.644539999999999925e-05 -4.950000000000000252e-07 -7.730000000000000529e-06
-3.663789999999999696e-05 -1.489999999999999922e-06 -8.990000000000000324e-06
-4.592869999999999955e-05 -2.349999999999999947e-06 -9.819999999999999153e-06
-5.522560000000000197e-05 -2.759999999999999833e-06 -1.169999999999999979e-05
-6.469569999999999791e-05 -3.520000000000000180e-06 -1.340000000000000045e-05
-7.442039999999999647e-05 -4.869999999999999960e-06 -1.419999999999999957e-05
-8.424750000000000272e-05 -5.740000000000000100e-06 -1.509999999999999942e-05
-9.401089999999999805e-05 -6.549999999999999968e-06 -1.620000000000000075e-05
-1.036689999999999996e-04 -7.480000000000000381e-06 -1.699999999999999987e-05
-1.131890000000000034e-04 -8.509999999999999837e-06 -1.749999999999999847e-05
-1.225010000000000118e-04 -9.629999999999999278e-06 -1.790000000000000141e-05
-1.312379999999999927e-04 -1.079999999999999993e-05 -1.840000000000000001e-05
-1.372970000000000104e-04 -1.200000000000000030e-05 -1.870000000000000053e-05
-1.461260000000000033e-04 -1.329999999999999972e-05 -1.889999999999999862e-05
-1.547909999999999889e-04 -1.450000000000000009e-05 -1.889999999999999862e-05
-1.633639999999999897e-04 -1.559999999999999972e-05 -1.870000000000000053e-05
-1.718869999999999892e-04 -1.650000000000000127e-05 -1.819999999999999854e-05
-1.803759999999999955e-04 -1.720000000000000134e-05 -1.739999999999999942e-05
-1.887749999999999942e-04 -1.779999999999999898e-05 -1.660000000000000031e-05
-1.970739999999999905e-04 -1.830000000000000097e-05 -1.569999999999999876e-05
-2.052850000000000107e-04 -1.870000000000000053e-05 -1.489999999999999964e-05
-2.134679999999999965e-04 -1.900000000000000105e-05 -1.390000000000000075e-05
-2.216970000000000019e-04 -1.949999999999999965e-05 -1.320000000000000067e-05
-2.300469999999999880e-04 -2.010000000000000068e-05 -1.250000000000000060e-05
-2.385029999999999898e-04 -2.089999999999999980e-05 -1.200000000000000030e-05
-2.471029999999999819e-04 -2.180000000000000134e-05 -1.139999999999999927e-05
-2.558360000000000083e-04 -2.279999999999999854e-05 -1.099999999999999971e-05
-2.646530000000000020e-04 -2.390000000000000157e-05 -1.029999999999999964e-05
-2.735349999999999891e-04 -2.519999999999999928e-05 -9.929999999999999794e-06
-2.825169999999999786e-04 -2.650000000000000039e-05 -9.550000000000000044e-06
-2.922029999999999940e-04 -2.769999999999999906e-05 -8.960000000000000611e-06
-3.027080000000000027e-04 -2.890000000000000113e-05 -8.189999999999999513e-06
-3.135009999999999923e-04 -3.019999999999999885e-05 -7.369999999999999741e-06
-3.253800000000000052e-04 -3.130000000000000187e-05 -6.309999999999999725e-06
-3.359759999999999830e-04 -3.240000000000000150e-05 -5.290000000000000174e-06
-3.435730000000000121e-04 -3.350000000000000113e-05 -4.480000000000000305e-06
-3.539570000000000129e-04 -3.440000000000000268e-05 -3.239999999999999896e-06
-3.629120000000000111e-04 -3.520000000000000180e-05 -2.099999999999999799e-06
-3.718610000000000231e-04 -3.600000000000000091e-05 -8.519999999999999530e-07
-3.807549999999999824e-04 -3.669999999999999760e-05 4.440000000000000053e-07
-3.895409999999999758e-04 -3.740000000000000106e-05 1.790000000000000014e-06
-3.982330000000000071e-04 -3.800000000000000209e-05 3.159999999999999815e-06
-4.068249999999999818e-04 -3.850000000000000069e-05 4.590000000000000099e-06
-4.153480000000000084e-04 -3.899999999999999929e-05 6.119999999999999850e-06
-4.237700000000000169e-04 -3.940000000000000224e-05 7.710000000000000720e-06
-4.320600000000000070e-04 -3.970000000000000276e-05 9.350000000000000265e-06
-4.402639999999999982e-04 -4.009999999999999893e-05 1.090000000000000067e-05
-4.483940000000000170e-04 -4.050000000000000187e-05 1.239999999999999986e-05
-4.565029999999999761e-04 -4.089999999999999804e-05 1.390000000000000075e-05
-4.646590000000000247e-04 -4.149999999999999907e-05 1.529999999999999920e-05
-4.729080000000000198e-04 -4.220000000000000254e-05 1.660000000000000031e-05
-4.812749999999999754e-04 -4.300000000000000165e-05 1.790000000000000141e-05
-4.897750000000000194e-04 -4.380000000000000077e-05 1.919999999999999913e-05
-4.983970000000000327e-04 -4.470000000000000232e-05 2.040000000000000119e-05
-5.071399999999999996e-04 -4.559999999999999709e-05 2.159999999999999987e-05
-5.159700000000000354e-04 -4.640000000000000298e-05 2.290000000000000098e-05
-5.248720000000000122e-04 -4.720000000000000210e-05 2.419999999999999869e-05
-5.338549999999999632e-04 -4.800000000000000122e-05 2.559999999999999884e-05
-5.429150000000000425e-04 -4.849999999999999982e-05 2.699999999999999899e-05
-5.520510000000000174e-04 -4.899999999999999842e-05 2.860000000000000061e-05
-5.613540000000000196e-04 -4.949999999999999702e-05 3.019999999999999885e-05
-5.710199999999999911e-04 -4.979999999999999753e-05 3.190000000000000290e-05
-5.808630000000000390e-04 -5.020000000000000048e-05 3.359999999999999679e-05
-5.904830000000000452e-04 -5.059999999999999665e-05 3.520000000000000180e-05
-5.994890000000000331e-04 -5.110000000000000203e-05 3.680000000000000003e-05
-6.083520000000000464e-04 -5.160000000000000063e-05 3.839999999999999826e-05
-6.171399999999999629e-04 -5.209999999999999923e-05 3.990000000000000084e-05
-6.258529999999999996e-04 -5.270000000000000026e-05 4.139999999999999664e-05
-6.344729999999999814e-04 -5.319999999999999886e-05 4.289999999999999922e-05
-6.429819999999999503e-04 -5.379999999999999989e-05 4.440000000000000180e-05
-6.514119999999999763e-04 -5.440000000000000093e-05 4.580000000000000195e-05
-6.597890000000000352e-04 -5.500000000000000196e-05 4.729999999999999775e-05
-6.681470000000000117e-04 -5.560000000000000299e-05 4.869999999999999790e-05
-6.765299999999999482e-04 -5.619999999999999725e-05 5.020000000000000048e-05
-6.849669999999999761e-04 -5.690000000000000071e-05 5.160000000000000063e-05
-6.934760000000000533e-04 -5.750000000000000174e-05 5.300000000000000078e-05
-7.020410000000000365e-04 -5.819999999999999843e-05 5.440000000000000093e-05
-7.106779999999999608e-04 -5.879999999999999946e-05 5.589999999999999673e-05
-7.193979999999999993e-04 -5.940000000000000049e-05 5.739999999999999931e-05
-7.281959999999999648e-04 -6.000000000000000152e-05 5.890000000000000189e-05
-7.370659999999999799e-04 -6.060000000000000255e-05 6.039999999999999769e-05
-7.460000000000000268e-04 -6.109999999999999438e-05 6.200000000000000270e-05
-7.549720000000000215e-04 -6.160000000000000653e-05 6.360000000000000093e-05
-7.639839999999999956e-04 -6.210000000000000513e-05 6.519999999999999917e-05
-7.729969999999999853e-04 -6.250000000000000130e-05 6.679999999999999740e-05
-7.820109999999999909e-04 -6.299999999999999990e-05 6.839999999999999563e-05
-7.909940000000000504e-04 -6.339999999999999607e-05 7.009999999999999630e-05
-7.999370000000000222e-04 -6.380000000000000580e-05 7.179999999999999696e-05
-8.088249999999999953e-04 -6.420000000000000197e-05 7.339999999999999520e-05
-8.176470000000000135e-04 -6.459999999999999814e-05 7.499999999999999343e-05
-8.264049999999999998e-04 -6.509999999999999674e-05 7.660000000000000522e-05
-8.350999999999999699e-04 -6.559999999999999534e-05 7.820000000000000345e-05
-8.437390000000000341e-04 -6.619999999999999637e-05 7.969999999999999925e-05
-8.523400000000000420e-04 -6.669999999999999497e-05 8.119999999999999505e-05
-8.609099999999999956e-04 -6.739999999999999843e-05 8.260000000000000198e-05
-8.694700000000000085e-04 -6.799999999999999946e-05 8.409999999999999778e-05
-8.780440000000000250e-04 -6.870000000000000293e-05 8.550000000000000471e-05
-8.866510000000000190e-04 -6.940000000000000639e-05 8.689999999999999808e-05
-8.953080000000000413e-04 -7.019999999999999873e-05 8.830000000000000500e-05
-9.040269999999999556e-04 -7.079999999999999976e-05 8.980000000000000081e-05
-9.128129999999999491e-04 -7.140000000000000079e-05 9.129999999999999661e-05
-9.216670000000000374e-04 -7.200000000000000182e-05 9.280000000000000597e-05
-9.305799999999999706e-04 -7.250000000000000043e-05 9.440000000000000420e-05
-9.395410000000000090e-04 -7.299999999999999903e-05 9.600000000000000243e-05
-9.485350000000000248e-04 -7.339999999999999520e-05 9.770000000000000310e-05
-9.575469999999999988e-04 -7.370000000000000249e-05 9.940000000000000376e-05
-9.665540000000000026e-04 -7.399999999999999623e-05 1.012050000000000043e-04
-9.755200000000000113e-04 -7.430000000000000352e-05 1.029230000000000037e-04
-9.844549999999999655e-04 -7.459999999999999726e-05 1.049099999999999967e-04
-9.933469999999998933e-04 -7.490000000000000455e-05 1.067240000000000034e-04
-1.002190000000000025e-03 -7.540000000000000315e-05 1.083449999999999935e-04
-1.011020000000000061e-03 -7.540000000000000315e-05 1.113069999999999967e-04
-1.019799999999999960e-03 -7.480000000000000212e-05 1.163030000000000010e-04
-1.028499999999999900e-03 -7.519999999999999829e-05 1.184879999999999945e-04
-1.037160000000000078e-03 -7.590000000000000175e-05 1.197050000000000067e-04
-1.045810000000000099e-03 -7.660000000000000522e-05 1.208410000000000040e-04
-1.054480000000000001e-03 -7.739999999999999756e-05 1.220299999999999955e-04
-1.063179999999999941e-03 -7.810000000000000102e-05 1.232569999999999890e-04
-1.071909999999999920e-03 -7.870000000000000205e-05 1.245349999999999994e-04
-1.080680000000000095e-03 -7.940000000000000551e-05 1.258599999999999910e-04
-1.089480000000000092e-03 -7.990000000000000411e-05 1.272199999999999915e-04
-1.098309999999999911e-03 -8.050000000000000515e-05 1.286159999999999897e-04
-1.107160000000000045e-03 -8.100000000000000375e-05 1.300490000000000012e-04
-1.116049999999999941e-03 -8.150000000000000235e-05 1.315189999999999990e-04
-1.124949999999999995e-03 -8.200000000000000095e-05 1.330199999999999970e-04
-1.133869999999999930e-03 -8.249999999999999955e-05 1.345449999999999934e-04
-1.142800000000000022e-03 -8.289999999999999572e-05 1.360749999999999872e-04
-1.151710000000000017e-03 -8.339999999999999432e-05 1.375899999999999888e-04
-1.160610000000000070e-03 -8.390000000000000647e-05 1.391060000000000061e-04
-1.169480000000000085e-03 -8.440000000000000507e-05 1.406210000000000077e-04
-1.178330000000000002e-03 -8.490000000000000368e-05 1.421460000000000041e-04
-1.187150000000000098e-03 -8.540000000000000228e-05 1.437160000000000043e-04
-1.195939999999999937e-03 -8.600000000000000331e-05 1.452050000000000031e-04
-1.204720000000000053e-03 -8.660000000000000434e-05 1.465930000000000108e-04
-1.213480000000000071e-03 -8.729999999999999425e-05 1.479779999999999984e-04
-1.222219999999999990e-03 -8.789999999999999528e-05 1.494129999999999872e-04
-1.230949999999999970e-03 -8.859999999999999874e-05 1.508769999999999990e-04
-1.239700000000000047e-03 -8.909999999999999734e-05 1.523630000000000047e-04
-1.248470000000000005e-03 -8.969999999999999838e-05 1.538710000000000045e-04
-1.257249999999999904e-03 -9.029999999999999941e-05 1.553989999999999940e-04
-1.266039999999999961e-03 -9.079999999999999801e-05 1.569510000000000089e-04
-1.274860000000000056e-03 -9.129999999999999661e-05 1.585230000000000135e-04
-1.283679999999999934e-03 -9.179999999999999521e-05 1.601150000000000078e-04
-1.292530000000000068e-03 -9.229999999999999381e-05 1.617269999999999916e-04
-1.301379999999999985e-03 -9.280000000000000597e-05 1.633500000000000132e-04
-1.310250000000000000e-03 -9.320000000000000214e-05 1.649859999999999955e-04
-1.319129999999999955e-03 -9.370000000000000074e-05 1.666290000000000067e-04
-1.327999999999999970e-03 -9.419999999999999934e-05 1.682689999999999978e-04
-1.336879999999999926e-03 -9.469999999999999794e-05 1.699129999999999976e-04
-1.345749999999999941e-03 -9.519999999999999654e-05 1.715540000000000044e-04
-1.354610000000000015e-03 -9.569999999999999514e-05 1.731880000000000095e-04
-1.363470000000000090e-03 -9.619999999999999374e-05 1.748189999999999944e-04
-1.372310000000000066e-03 -9.670000000000000589e-05 1.764450000000000090e-04
-1.381140000000000102e-03 -9.720000000000000450e-05 1.780659999999999990e-04
-1.389959999999999980e-03 -9.770000000000000310e-05 1.796830000000000074e-04
-1.398759999999999977e-03 -9.830000000000000413e-05 1.812990000000000001e-04
-1.407559999999999974e-03 -9.880000000000000273e-05 1.829140000000000041e-04
-1.416340000000000090e-03 -9.930000000000000133e-05 1.845279999999999924e-04
-1.425129999999999930e-03 -9.979999999999999993e-05 1.861499999999999982e-04
-1.433910000000000046e-03 -1.003619999999999990e-04 1.877740000000000084e-04
-1.442689999999999945e-03 -1.008749999999999990e-04 1.894069999999999977e-04
-1.451480000000000001e-03 -1.013799999999999950e-04 1.910530000000000019e-04
-1.460270000000000058e-03 -1.018790000000000049e-04 1.927080000000000123e-04
-1.469089999999999936e-03 -1.023649999999999999e-04 1.943849999999999897e-04
-1.477919999999999972e-03 -1.028490000000000041e-04 1.960710000000000003e-04
-1.486750000000000007e-03 -1.033310000000000039e-04 1.977589999999999882e-04
-1.495589999999999984e-03 -1.038099999999999971e-04 1.994610000000000068e-04
-1.504429999999999960e-03 -1.042869999999999995e-04 2.011659999999999913e-04
-1.513280000000000094e-03 -1.047640000000000019e-04 2.028739999999999960e-04
-1.522130000000000011e-03 -1.052420000000000064e-04 2.045860000000000094e-04
-1.530969999999999987e-03 -1.057189999999999953e-04 2.062990000000000114e-04
-1.539800000000000023e-03 -1.062000000000000064e-04 2.080080000000000047e-04
-1.548630000000000059e-03 -1.066800000000000018e-04 2.097190000000000024e-04
-1.557460000000000094e-03 -1.071589999999999950e-04 2.114349999999999975e-04
-1.566289999999999913e-03 -1.076369999999999996e-04 2.131529999999999970e-04
-1.575119999999999949e-03 -1.081150000000000042e-04 2.148720000000000122e-04
-1.583940000000000044e-03 -1.085949999999999996e-04 2.165919999999999890e-04
-1.592759999999999922e-03 -1.090730000000000042e-04 2.183150000000000130e-04
-1.601580000000000018e-03 -1.095509999999999952e-04 2.200410000000000029e-04
-1.610399999999999896e-03 -1.100269999999999954e-04 2.217700000000000129e-04
-1.619219999999999991e-03 -1.105029999999999955e-04 2.235010000000000002e-04
-1.628040000000000086e-03 -1.109779999999999935e-04 2.252359999999999963e-04
-1.636859999999999964e-03 -1.114520000000000029e-04 2.269750000000000012e-04
-1.645680000000000059e-03 -1.119220000000000035e-04 2.287190000000000035e-04
-1.654499999999999938e-03 -1.123870000000000066e-04 2.304720000000000119e-04
-1.663320000000000033e-03 -1.128509999999999941e-04 2.322290000000000020e-04
-1.672150000000000069e-03 -1.133140000000000064e-04 2.339879999999999966e-04
-1.680969999999999947e-03 -1.137760000000000030e-04 2.357509999999999998e-04
-1.689790000000000042e-03 -1.142379999999999996e-04 2.375169999999999961e-04
-1.698609999999999920e-03 -1.146980000000000054e-04 2.392860000000000126e-04
-1.707430000000000015e-03 -1.151579999999999976e-04 2.410590000000000107e-04
-1.716249999999999894e-03 -1.156139999999999946e-04 2.428370000000000062e-04
-1.725069999999999989e-03 -1.160649999999999941e-04 2.446220000000000035e-04
-1.733890000000000084e-03 -1.165150000000000051e-04 2.464109999999999825e-04
-1.742709999999999962e-03 -1.169650000000000025e-04 2.482030000000000087e-04
-1.751530000000000057e-03 -1.174129999999999955e-04 2.499979999999999737e-04
-1.760360000000000093e-03 -1.178599999999999998e-04 2.517959999999999860e-04
-1.769170000000000031e-03 -1.183070000000000042e-04 2.535980000000000070e-04
-1.777989999999999909e-03 -1.187530000000000063e-04 2.554030000000000211e-04
-1.786810000000000004e-03 -1.191960000000000019e-04 2.572119999999999897e-04
-1.795640000000000040e-03 -1.196340000000000001e-04 2.590259999999999828e-04
-1.804459999999999918e-03 -1.200709999999999961e-04 2.608430000000000232e-04
-1.813280000000000013e-03 -1.205070000000000034e-04 2.626640000000000181e-04
-1.822099999999999892e-03 -1.209419999999999950e-04 2.644869999999999903e-04
-1.830929999999999927e-03 -1.213770000000000002e-04 2.663140000000000255e-04
-1.839750000000000022e-03 -1.218110000000000031e-04 2.681450000000000153e-04
-1.848569999999999901e-03 -1.222440000000000039e-04 2.699779999999999823e-04
-1.857389999999999996e-03 -1.226760000000000025e-04 2.718150000000000123e-04
-1.866199999999999934e-03 -1.231070000000000124e-04 2.736540000000000196e-04
-1.875020000000000029e-03 -1.235370000000000066e-04 2.754979999999999972e-04
-1.883839999999999907e-03 -1.239660000000000122e-04 2.773440000000000063e-04
-1.892660000000000002e-03 -1.243949999999999906e-04 2.791940000000000242e-04
-1.901469999999999940e-03 -1.248230000000000075e-04 2.810469999999999809e-04
-1.910290000000000035e-03 -1.252489999999999929e-04 2.829029999999999848e-04
-1.919099999999999973e-03 -1.256750000000000055e-04 2.847619999999999817e-04
-1.927920000000000068e-03 -1.260950000000000048e-04 2.866319999999999892e-04
-1.936739999999999946e-03 -1.264969999999999918e-04 2.885230000000000021e-04
-1.945560000000000041e-03 -1.268990000000000059e-04 2.904180000000000238e-04
-1.954369999999999979e-03 -1.272989999999999886e-04 2.923159999999999843e-04
-1.963190000000000074e-03 -1.276989999999999983e-04 2.942180000000000077e-04
-1.972010000000000169e-03 -1.280979999999999923e-04 2.961220000000000085e-04
-1.980819999999999890e-03 -1.284959999999999976e-04 2.980300000000000180e-04
-1.989639999999999985e-03 -1.288940000000000029e-04 2.999410000000000205e-04
-1.998450000000000139e-03 -1.292900000000000039e-04 3.018550000000000161e-04
-2.007269999999999801e-03 -1.296860000000000048e-04 3.037730000000000204e-04
-2.016079999999999955e-03 -1.300809999999999900e-04 3.056940000000000178e-04
-2.024890000000000110e-03 -1.304739999999999980e-04 3.076180000000000082e-04
-2.033710000000000205e-03 -1.308670000000000059e-04 3.095449999999999916e-04
-2.042519999999999926e-03 -1.312599999999999867e-04 3.114750000000000222e-04
-2.051330000000000080e-03 -1.316509999999999903e-04 3.134090000000000075e-04
-2.060139999999999801e-03 -1.320410000000000052e-04 3.153459999999999857e-04
-2.068949999999999956e-03 -1.324259999999999955e-04 3.172930000000000130e-04
-2.077770000000000051e-03 -1.327909999999999963e-04 3.192660000000000159e-04
-2.086580000000000205e-03 -1.331550000000000084e-04 3.212429999999999734e-04
-2.095399999999999867e-03 -1.335180000000000047e-04 3.232229999999999782e-04
-2.104219999999999962e-03 -1.338800000000000124e-04 3.252059999999999760e-04
-2.113030000000000116e-03 -1.342419999999999931e-04 3.271929999999999826e-04
-2.121839999999999837e-03 -1.346019999999999964e-04 3.291820000000000206e-04
-2.130659999999999932e-03 -1.349619999999999997e-04 3.311750000000000132e-04
-2.139470000000000087e-03 -1.353209999999999873e-04 3.331720000000000146e-04
-2.148279999999999808e-03 -1.356790000000000134e-04 3.351709999999999932e-04
-2.157099999999999903e-03 -1.360359999999999966e-04 3.371739999999999807e-04
-2.165910000000000057e-03 -1.363930000000000069e-04 3.391800000000000153e-04
-2.174720000000000212e-03 -1.367480000000000128e-04 3.411889999999999888e-04
-2.183529999999999933e-03 -1.371029999999999916e-04 3.432010000000000095e-04
-2.192340000000000087e-03 -1.374559999999999931e-04 3.452169999999999848e-04
-2.201139999999999868e-03 -1.378089999999999947e-04 3.472360000000000073e-04
-2.209950000000000022e-03 -1.381610000000000075e-04 3.492580000000000229e-04
-2.218760000000000177e-03 -1.385120000000000047e-04 3.512829999999999772e-04
-2.227569999999999897e-03 -1.388630000000000018e-04 3.533119999999999945e-04
-2.236370000000000111e-03 -1.392119999999999946e-04 3.553440000000000049e-04
-2.245179999999999832e-03 -1.395609999999999874e-04 3.573790000000000083e-04
-2.253980000000000046e-03 -1.399089999999999915e-04 3.594170000000000047e-04
-2.262779999999999826e-03 -1.402549999999999912e-04 3.614590000000000099e-04
-2.271589999999999981e-03 -1.406020000000000067e-04 3.635040000000000081e-04
-2.280390000000000195e-03 -1.409469999999999907e-04 3.655519999999999993e-04
-2.289189999999999975e-03 -1.412910000000000132e-04 3.676029999999999836e-04
-2.297990000000000189e-03 -1.416350000000000085e-04 3.696570000000000151e-04
-2.306789999999999969e-03 -1.419769999999999995e-04 3.717150000000000011e-04
-2.315590000000000183e-03 -1.423189999999999904e-04 3.737759999999999802e-04
-2.324389999999999963e-03 -1.426599999999999928e-04 3.758400000000000065e-04
-2.333190000000000177e-03 -1.430000000000000064e-04 3.779079999999999874e-04
-2.341989999999999957e-03 -1.433390000000000044e-04 3.799779999999999998e-04
-2.350790000000000171e-03 -1.436750000000000093e-04 3.820550000000000140e-04
-2.359589999999999951e-03 -1.439869999999999887e-04 3.841660000000000214e-04
-2.368390000000000165e-03 -1.442980000000000066e-04 3.862790000000000060e-04
-2.377189999999999945e-03 -1.446080000000000087e-04 3.883959999999999995e-04
-2.385990000000000159e-03 -1.449180000000000108e-04 3.905170000000000017e-04
-2.394789999999999940e-03 -1.452260000000000085e-04 3.926399999999999812e-04
-2.403590000000000153e-03 -1.455340000000000062e-04 3.947670000000000237e-04
-2.412389999999999934e-03 -1.458399999999999996e-04 3.968970000000000050e-04
-2.421190000000000148e-03 -1.461459999999999929e-04 3.990299999999999793e-04
-2.429979999999999987e-03 -1.464509999999999976e-04 4.011660000000000009e-04
-2.438780000000000201e-03 -1.467549999999999866e-04 4.033059999999999770e-04
-2.447579999999999981e-03 -1.470590000000000027e-04 4.054490000000000004e-04
-2.456369999999999821e-03 -1.473609999999999872e-04 4.075950000000000168e-04
-2.465160000000000094e-03 -1.476629999999999989e-04 4.097440000000000262e-04
-2.473959999999999874e-03 -1.479630000000000062e-04 4.118969999999999901e-04
-2.482750000000000148e-03 -1.482630000000000135e-04 4.140530000000000013e-04
-2.491539999999999987e-03 -1.485620000000000050e-04 4.162120000000000056e-04
-2.500329999999999827e-03 -1.488600000000000079e-04 4.183740000000000028e-04
-2.509130000000000041e-03 -1.491580000000000108e-04 4.205389999999999931e-04
-2.517909999999999940e-03 -1.494540000000000094e-04 4.227079999999999922e-04
-2.526700000000000213e-03 -1.497500000000000079e-04 4.248799999999999842e-04
-2.535490000000000053e-03 -1.500440000000000020e-04 4.270550000000000236e-04
-2.544279999999999892e-03 -1.503379999999999962e-04 4.292340000000000174e-04
-2.553070000000000166e-03 -1.506310000000000017e-04 4.314149999999999886e-04
-2.561850000000000065e-03 -1.509240000000000072e-04 4.336000000000000227e-04
-2.570639999999999904e-03 -1.512150000000000083e-04 4.357879999999999957e-04
-2.579419999999999803e-03 -1.515049999999999936e-04 4.379799999999999774e-04
-2.588210000000000077e-03 -1.517950000000000061e-04 4.401739999999999906e-04
-2.596989999999999976e-03 -1.520840000000000028e-04 4.423720000000000126e-04
-2.605769999999999875e-03 -1.523720000000000109e-04 4.445729999999999734e-04
-2.614560000000000148e-03 -1.526590000000000032e-04 4.467769999999999814e-04
-2.623340000000000047e-03 -1.529450000000000069e-04 4.489849999999999982e-04
-2.632119999999999946e-03 -1.532299999999999949e-04 4.511949999999999923e-04
-2.640899999999999845e-03 -1.534969999999999976e-04 4.534319999999999779e-04
-2.649690000000000118e-03 -1.537619999999999959e-04 4.556739999999999879e-04
-2.658470000000000017e-03 -1.540260000000000056e-04 4.579189999999999910e-04
-2.667259999999999857e-03 -1.542899999999999881e-04 4.601669999999999871e-04
-2.676040000000000189e-03 -1.545519999999999934e-04 4.624179999999999762e-04
-2.684820000000000088e-03 -1.548139999999999987e-04 4.646720000000000125e-04
-2.693609999999999928e-03 -1.550739999999999996e-04 4.669300000000000035e-04
-2.702389999999999827e-03 -1.553340000000000005e-04 4.691909999999999874e-04
-2.711170000000000160e-03 -1.555930000000000128e-04 4.714550000000000186e-04
-2.719950000000000059e-03 -1.558510000000000093e-04 4.737219999999999886e-04
-2.728720000000000017e-03 -1.561090000000000058e-04 4.759930000000000216e-04
-2.737499999999999916e-03 -1.563649999999999979e-04 4.782669999999999933e-04
-2.746279999999999815e-03 -1.566209999999999900e-04 4.805440000000000124e-04
-2.755060000000000148e-03 -1.568750000000000049e-04 4.828240000000000244e-04
-2.763830000000000106e-03 -1.571289999999999926e-04 4.851069999999999753e-04
-2.772610000000000005e-03 -1.573819999999999917e-04 4.873939999999999891e-04
-2.781379999999999963e-03 -1.576349999999999908e-04 4.896839999999999960e-04
-2.790149999999999922e-03 -1.578860000000000127e-04 4.919769999999999959e-04
-2.798929999999999821e-03 -1.581359999999999916e-04 4.942730000000000430e-04
-2.807700000000000213e-03 -1.583859999999999977e-04 4.965730000000000447e-04
-2.816470000000000171e-03 -1.586349999999999880e-04 4.988759999999999853e-04
-2.825240000000000130e-03 -1.588829999999999897e-04 5.011819999999999730e-04
-2.834010000000000088e-03 -1.591300000000000028e-04 5.034910000000000080e-04
-2.842780000000000046e-03 -1.593760000000000001e-04 5.058029999999999818e-04
-2.851550000000000005e-03 -1.596210000000000088e-04 5.081190000000000186e-04
-2.860310000000000023e-03 -1.598659999999999903e-04 5.104379999999999942e-04
-2.869079999999999981e-03 -1.601100000000000103e-04 5.127600000000000170e-04
-2.877849999999999939e-03 -1.603519999999999989e-04 5.150849999999999786e-04
-2.886609999999999957e-03 -1.605939999999999874e-04 5.174140000000000033e-04
-2.895379999999999916e-03 -1.608349999999999873e-04 5.197459999999999667e-04
-2.904139999999999933e-03 -1.610759999999999872e-04 5.220809999999999774e-04
-2.912899999999999951e-03 -1.613150000000000098e-04 5.244190000000000353e-04
-2.921669999999999909e-03 -1.615259999999999981e-04 5.267979999999999798e-04
-2.930439999999999868e-03 -1.617289999999999960e-04 5.291900000000000206e-04
-2.939220000000000201e-03 -1.619310000000000053e-04 5.315850000000000002e-04
-2.947990000000000159e-03 -1.621319999999999988e-04 5.339830000000000271e-04
-2.956750000000000177e-03 -1.623329999999999923e-04 5.363850000000000085e-04
-2.965520000000000135e-03 -1.625329999999999971e-04 5.387890000000000214e-04
-2.974290000000000093e-03 -1.627309999999999976e-04 5.411969999999999888e-04
-2.983060000000000052e-03 -1.629289999999999981e-04 5.436080000000000035e-04
-2.991820000000000070e-03 -1.631260000000000099e-04 5.460219999999999570e-04
-3.000590000000000028e-03 -1.633229999999999947e-04 5.484399999999999735e-04
-3.009350000000000046e-03 -1.635180000000000021e-04 5.508610000000000373e-04
-3.018120000000000004e-03 -1.637130000000000096e-04 5.532850000000000398e-04
-3.026880000000000022e-03 -1.639060000000000126e-04 5.557119999999999812e-04
-3.035640000000000040e-03 -1.640989999999999886e-04 5.581419999999999697e-04
-3.044400000000000057e-03 -1.642910000000000030e-04 5.605760000000000213e-04
-3.053160000000000075e-03 -1.644820000000000017e-04 5.630119999999999960e-04
-3.061920000000000093e-03 -1.646730000000000004e-04 5.654520000000000336e-04
-3.070680000000000111e-03 -1.648619999999999947e-04 5.678950000000000100e-04
-3.079440000000000129e-03 -1.650509999999999890e-04 5.703420000000000495e-04
-3.088200000000000146e-03 -1.652389999999999946e-04 5.727910000000000119e-04
-3.096949999999999790e-03 -1.654249999999999959e-04 5.752440000000000374e-04
-3.105709999999999808e-03 -1.656109999999999971e-04 5.777000000000000017e-04
-3.114459999999999885e-03 -1.657969999999999984e-04 5.801600000000000290e-04
-3.123219999999999903e-03 -1.659809999999999953e-04 5.826219999999999793e-04
-3.131969999999999980e-03 -1.661640000000000035e-04 5.850879999999999926e-04
-3.140720000000000057e-03 -1.663470000000000118e-04 5.875570000000000532e-04
-3.149470000000000134e-03 -1.665290000000000043e-04 5.900290000000000526e-04
-3.158220000000000211e-03 -1.667100000000000081e-04 5.925039999999999907e-04
-3.166969999999999855e-03 -1.668899999999999962e-04 5.949829999999999919e-04
-3.175719999999999932e-03 -1.670689999999999957e-04 5.974640000000000246e-04
-3.184470000000000009e-03 -1.672470000000000066e-04 5.999490000000000118e-04
-3.193220000000000086e-03 -1.674249999999999903e-04 6.024370000000000462e-04
-3.201970000000000163e-03 -1.675880000000000089e-04 6.049539999999999952e-04
-3.210719999999999807e-03 -1.677439999999999986e-04 6.074859999999999635e-04
-3.219469999999999884e-03 -1.678989999999999996e-04 6.100219999999999948e-04
-3.228219999999999961e-03 -1.680530000000000120e-04 6.125599999999999492e-04
-3.236970000000000038e-03 -1.682060000000000087e-04 6.151019999999999665e-04
-3.245720000000000115e-03 -1.683590000000000054e-04 6.176470000000000311e-04
-3.254459999999999818e-03 -1.685099999999999977e-04 6.201950000000000345e-04
-3.263209999999999895e-03 -1.686609999999999900e-04 6.227459999999999767e-04
-3.271959999999999973e-03 -1.688109999999999936e-04 6.253009999999999818e-04
-3.280700000000000109e-03 -1.689600000000000086e-04 6.278580000000000185e-04
-3.289439999999999812e-03 -1.691080000000000079e-04 6.304190000000000097e-04
-3.298189999999999889e-03 -1.692549999999999914e-04 6.329839999999999555e-04
-3.306930000000000026e-03 -1.694020000000000020e-04 6.355510000000000412e-04
-3.315670000000000162e-03 -1.695479999999999969e-04 6.381209999999999574e-04
-3.324409999999999865e-03 -1.696919999999999874e-04 6.406950000000000449e-04
-3.333150000000000002e-03 -1.698360000000000050e-04 6.432719999999999628e-04
-3.341890000000000138e-03 -1.699790000000000068e-04 6.458520000000000363e-04
-3.350629999999999841e-03 -1.701220000000000087e-04 6.484359999999999560e-04
-3.359369999999999978e-03 -1.702630000000000061e-04 6.510220000000000156e-04
-3.368100000000000174e-03 -1.704029999999999879e-04 6.536120000000000298e-04
-3.376839999999999876e-03 -1.705429999999999967e-04 6.562049999999999828e-04
-3.385570000000000072e-03 -1.706819999999999898e-04 6.588009999999999830e-04
-3.394310000000000209e-03 -1.708199999999999942e-04 6.614010000000000462e-04
-3.403039999999999971e-03 -1.709570000000000100e-04 6.640030000000000324e-04
-3.411770000000000167e-03 -1.710930000000000100e-04 6.666089999999999733e-04
-3.420499999999999929e-03 -1.712290000000000101e-04 6.692179999999999613e-04
-3.429230000000000125e-03 -1.713630000000000058e-04 6.718299999999999966e-04
-3.437959999999999888e-03 -1.714970000000000014e-04 6.744459999999999865e-04
-3.446690000000000084e-03 -1.716300000000000085e-04 6.770640000000000078e-04
-3.455419999999999846e-03 -1.717619999999999997e-04 6.796859999999999838e-04
-3.464140000000000101e-03 -1.718930000000000024e-04 6.823110000000000069e-04
-3.472869999999999863e-03 -1.720229999999999893e-04 6.849389999999999689e-04
-3.481600000000000059e-03 -1.721530000000000033e-04 6.875759999999999641e-04
-3.490329999999999822e-03 -1.722810000000000129e-04 6.902190000000000538e-04
-3.499060000000000017e-03 -1.724089999999999954e-04 6.928659999999999897e-04
-3.507790000000000213e-03 -1.725359999999999893e-04 6.955159999999999728e-04
-3.516510000000000035e-03 -1.726619999999999945e-04 6.981690000000000031e-04
-3.525239999999999797e-03 -1.727870000000000111e-04 7.008249999999999723e-04
-3.533969999999999993e-03 -1.729110000000000120e-04 7.034839999999999887e-04
-3.542689999999999815e-03 -1.730339999999999971e-04 7.061469999999999596e-04
-3.551420000000000011e-03 -1.731570000000000093e-04 7.088129999999999778e-04
-3.560139999999999832e-03 -1.732790000000000057e-04 7.114820000000000432e-04
-3.568860000000000088e-03 -1.734000000000000135e-04 7.141540000000000474e-04
-3.577579999999999909e-03 -1.735200000000000056e-04 7.168289999999999905e-04
-3.586300000000000165e-03 -1.736390000000000091e-04 7.195079999999999965e-04
-3.595019999999999986e-03 -1.737569999999999967e-04 7.221900000000000498e-04
-3.603739999999999808e-03 -1.738739999999999958e-04 7.248750000000000419e-04
-3.612460000000000063e-03 -1.739909999999999948e-04 7.275629999999999728e-04
-3.621179999999999885e-03 -1.741070000000000052e-04 7.302549999999999666e-04
-3.629890000000000200e-03 -1.742219999999999999e-04 7.329489999999999920e-04
-3.638610000000000021e-03 -1.743360000000000059e-04 7.356469999999999719e-04
-3.647319999999999902e-03 -1.744489999999999962e-04 7.383479999999999991e-04
-3.656040000000000158e-03 -1.745609999999999979e-04 7.410519999999999651e-04
-3.664750000000000039e-03 -1.746729999999999995e-04 7.437599999999999940e-04
-3.673459999999999920e-03 -1.747840000000000125e-04 7.464699999999999461e-04
-3.682169999999999801e-03 -1.748929999999999940e-04 7.491839999999999611e-04
-3.690880000000000116e-03 -1.750020000000000026e-04 7.519010000000000233e-04
-3.699589999999999997e-03 -1.751110000000000112e-04 7.546210000000000244e-04
-3.708299999999999878e-03 -1.752179999999999883e-04 7.573439999999999643e-04
-3.716999999999999818e-03 -1.753240000000000039e-04 7.600709999999999671e-04
-3.725710000000000133e-03 -1.754299999999999924e-04 7.628000000000000015e-04
-3.734420000000000014e-03 -1.755349999999999923e-04 7.655329999999999904e-04
-3.743119999999999954e-03 -1.756379999999999877e-04 7.682690000000000265e-04
-3.751819999999999895e-03 -1.757410000000000103e-04 7.710090000000000172e-04
-3.760530000000000209e-03 -1.758469999999999988e-04 7.737560000000000097e-04
-3.769230000000000150e-03 -1.759580000000000118e-04 7.765139999999999586e-04
-3.777930000000000090e-03 -1.760669999999999933e-04 7.792759999999999704e-04
-3.786630000000000031e-03 -1.761760000000000019e-04 7.820400000000000138e-04
-3.795329999999999971e-03 -1.762839999999999947e-04 7.848080000000000117e-04
-3.804029999999999911e-03 -1.763909999999999990e-04 7.875789999999999484e-04
-3.812729999999999852e-03 -1.764969999999999874e-04 7.903530000000000407e-04
-3.821419999999999852e-03 -1.766019999999999873e-04 7.931299999999999635e-04
-3.830119999999999792e-03 -1.767069999999999871e-04 7.959100000000000419e-04
-3.838820000000000166e-03 -1.768100000000000097e-04 7.986939999999999665e-04
-3.847510000000000166e-03 -1.769130000000000051e-04 8.014800000000000309e-04
-3.856200000000000166e-03 -1.770150000000000120e-04 8.042700000000000500e-04
-3.864900000000000106e-03 -1.771160000000000030e-04 8.070630000000000078e-04
-3.873590000000000106e-03 -1.772160000000000055e-04 8.098600000000000286e-04
-3.882280000000000106e-03 -1.773160000000000079e-04 8.126589999999999725e-04
-3.890970000000000106e-03 -1.774140000000000059e-04 8.154619999999999794e-04
-3.899660000000000105e-03 -1.775120000000000040e-04 8.182680000000000335e-04
-3.908339999999999731e-03 -1.776090000000000134e-04 8.210770000000000264e-04
-3.917030000000000164e-03 -1.777050000000000071e-04 8.238889999999999582e-04
-3.925719999999999731e-03 -1.778000000000000121e-04 8.267040000000000456e-04
-3.934400000000000223e-03 -1.778940000000000013e-04 8.295229999999999791e-04
-3.943089999999999790e-03 -1.779870000000000020e-04 8.323440000000000526e-04
-3.951770000000000282e-03 -1.780800000000000026e-04 8.351689999999999722e-04
-3.960449999999999908e-03 -1.781719999999999875e-04 8.379970000000000474e-04
-3.969130000000000401e-03 -1.782630000000000109e-04 8.408289999999999688e-04
-3.977810000000000026e-03 -1.783529999999999914e-04 8.436630000000000301e-04
-3.986489999999999652e-03 -1.784420000000000103e-04 8.465010000000000459e-04
-3.995170000000000145e-03 -1.785300000000000136e-04 8.493420000000000006e-04
-4.003849999999999770e-03 -1.786179999999999897e-04 8.521849999999999868e-04
-4.012520000000000323e-03 -1.787039999999999885e-04 8.550330000000000517e-04
-4.021199999999999948e-03 -1.787899999999999873e-04 8.578830000000000396e-04
-4.029869999999999633e-03 -1.788749999999999975e-04 8.607369999999999821e-04
-4.038550000000000126e-03 -1.789589999999999920e-04 8.635929999999999562e-04
-4.047219999999999811e-03 -1.790419999999999978e-04 8.664529999999999932e-04
-4.055890000000000363e-03 -1.791250000000000036e-04 8.693159999999999690e-04
-4.064560000000000048e-03 -1.792060000000000050e-04 8.721819999999999920e-04
-4.073229999999999733e-03 -1.792870000000000065e-04 8.750519999999999696e-04
-4.081900000000000285e-03 -1.793669999999999922e-04 8.779239999999999787e-04
-4.090569999999999970e-03 -1.794459999999999892e-04 8.808000000000000508e-04
-4.099239999999999655e-03 -1.795239999999999976e-04 8.836789999999999532e-04
-4.107900000000000267e-03 -1.796009999999999903e-04 8.865610000000000114e-04
-4.116569999999999951e-03 -1.796780000000000100e-04 8.894460000000000083e-04
-4.125229999999999696e-03 -1.797539999999999869e-04 8.923349999999999598e-04
-4.133890000000000307e-03 -1.798279999999999866e-04 8.952269999999999586e-04
-4.142559999999999992e-03 -1.799020000000000133e-04 8.981209999999999888e-04
-4.151219999999999737e-03 -1.799749999999999972e-04 9.010189999999999736e-04
-4.159880000000000348e-03 -1.800480000000000082e-04 9.039210000000000213e-04
-4.168540000000000093e-03 -1.801189999999999877e-04 9.068249999999999922e-04
-4.177199999999999837e-03 -1.801890000000000056e-04 9.097320000000000103e-04
-4.185849999999999640e-03 -1.802589999999999965e-04 9.126429999999999829e-04
-4.194510000000000252e-03 -1.803279999999999987e-04 9.155570000000000028e-04
-4.203160000000000056e-03 -1.803960000000000123e-04 9.184739999999999615e-04
-4.211819999999999800e-03 -1.804630000000000101e-04 9.213939999999999674e-04
-4.220469999999999604e-03 -1.805300000000000080e-04 9.243170000000000205e-04
-4.229130000000000215e-03 -1.805950000000000014e-04 9.272440000000000283e-04
-4.237780000000000019e-03 -1.806599999999999949e-04 9.301739999999999748e-04
-4.246429999999999823e-03 -1.807230000000000110e-04 9.331069999999999686e-04
-4.255079999999999626e-03 -1.807860000000000001e-04 9.360430000000000096e-04
-4.263730000000000298e-03 -1.808480000000000005e-04 9.389819999999999894e-04
-4.272370000000000161e-03 -1.809100000000000009e-04 9.419240000000000165e-04
-4.281019999999999964e-03 -1.809699999999999970e-04 9.448699999999999981e-04
-4.289669999999999768e-03 -1.810299999999999930e-04 9.478190000000000269e-04
-4.298309999999999631e-03 -1.810880000000000118e-04 9.507709999999999946e-04
-4.306950000000000361e-03 -1.811460000000000034e-04 9.537260000000000095e-04
-4.315600000000000165e-03 -1.812039999999999951e-04 9.566839999999999632e-04
-4.324249999999999969e-03 -1.812670000000000112e-04 9.596469999999999957e-04
-4.332889999999999832e-03 -1.813290000000000117e-04 9.626119999999999512e-04
-4.341539999999999636e-03 -1.813910000000000121e-04 9.655809999999999697e-04
-4.350190000000000307e-03 -1.814510000000000081e-04 9.685530000000000354e-04
-4.358830000000000170e-03 -1.815110000000000042e-04 9.715289999999999473e-04
-4.367470000000000033e-03 -1.815700000000000116e-04 9.745069999999999991e-04
-4.376119999999999836e-03 -1.816280000000000032e-04 9.774890000000000054e-04
-4.384759999999999699e-03 -1.816850000000000062e-04 9.804740000000000590e-04
-4.393400000000000430e-03 -1.817409999999999935e-04 9.834620000000000514e-04
-4.402040000000000293e-03 -1.817970000000000079e-04 9.864529999999999826e-04
-4.410680000000000156e-03 -1.818509999999999907e-04 9.894470000000000695e-04
-4.419320000000000019e-03 -1.819050000000000007e-04 9.924440000000000952e-04
-4.427949999999999942e-03 -1.819579999999999950e-04 9.954449999999999670e-04
-4.436589999999999805e-03 -1.820100000000000006e-04 9.984489999999999945e-04
-4.445219999999999727e-03 -1.820609999999999904e-04 1.001460000000000024e-03
-4.453859999999999590e-03 -1.821120000000000074e-04 1.004469999999999929e-03
-4.462490000000000380e-03 -1.821609999999999928e-04 1.007480000000000051e-03
-4.471120000000000302e-03 -1.822100000000000054e-04 1.010499999999999897e-03
-4.479750000000000225e-03 -1.822580000000000023e-04 1.013510000000000019e-03
-4.488380000000000147e-03 -1.823050000000000104e-04 1.016540000000000022e-03
-4.497010000000000070e-03 -1.823510000000000029e-04 1.019560000000000084e-03
-4.505639999999999992e-03 -1.823960000000000067e-04 1.022590000000000087e-03
-4.514269999999999915e-03 -1.824410000000000105e-04 1.025620000000000091e-03
-4.522889999999999897e-03 -1.824840000000000099e-04 1.028660000000000034e-03
-4.531519999999999819e-03 -1.825270000000000093e-04 1.031699999999999978e-03
-4.540139999999999801e-03 -1.825689999999999930e-04 1.034739999999999922e-03
-4.548759999999999783e-03 -1.826099999999999880e-04 1.037780000000000083e-03
-4.557379999999999765e-03 -1.826499999999999944e-04 1.040829999999999967e-03
-4.565999999999999746e-03 -1.826900000000000008e-04 1.043880000000000068e-03
-4.574619999999999728e-03 -1.827280000000000028e-04 1.046939999999999893e-03
-4.583239999999999710e-03 -1.827660000000000048e-04 1.049999999999999935e-03
-4.591859999999999692e-03 -1.828029999999999911e-04 1.053059999999999977e-03
-4.600479999999999674e-03 -1.828389999999999887e-04 1.056120000000000019e-03
-4.609089999999999715e-03 -1.828739999999999977e-04 1.059190000000000001e-03
-4.617709999999999697e-03 -1.829090000000000067e-04 1.062259999999999984e-03
-4.626319999999999738e-03 -1.829420000000000113e-04 1.065329999999999966e-03
-4.634929999999999779e-03 -1.829749999999999888e-04 1.068410000000000106e-03
-4.643539999999999821e-03 -1.830059999999999890e-04 1.071490000000000029e-03
-4.652149999999999862e-03 -1.830369999999999892e-04 1.074569999999999952e-03
-4.660759999999999903e-03 -1.830679999999999894e-04 1.077650000000000092e-03
-4.669369999999999944e-03 -1.830970000000000123e-04 1.080739999999999956e-03
-4.677979999999999985e-03 -1.831249999999999924e-04 1.083839999999999977e-03
-4.686590000000000027e-03 -1.831529999999999996e-04 1.086930000000000058e-03
-4.695190000000000127e-03 -1.831799999999999911e-04 1.090030000000000079e-03
-4.703800000000000169e-03 -1.832050000000000052e-04 1.093130000000000100e-03
-4.712400000000000269e-03 -1.832310000000000080e-04 1.096240000000000062e-03
-4.721000000000000370e-03 -1.832550000000000064e-04 1.099340000000000083e-03
-4.729599999999999603e-03 -1.832779999999999891e-04 1.102459999999999985e-03
-4.738199999999999704e-03 -1.833009999999999989e-04 1.105569999999999947e-03
-4.746799999999999804e-03 -1.833220000000000043e-04 1.108690000000000066e-03
-4.755399999999999905e-03 -1.833430000000000097e-04 1.111809999999999968e-03
-4.764000000000000005e-03 -1.833629999999999993e-04 1.114930000000000088e-03
-4.772590000000000166e-03 -1.833820000000000003e-04 1.118059999999999931e-03
-4.781190000000000266e-03 -1.834010000000000013e-04 1.121189999999999990e-03
-4.789780000000000426e-03 -1.834179999999999979e-04 1.124320000000000050e-03
-4.798369999999999719e-03 -1.834349999999999945e-04 1.127460000000000051e-03
-4.806959999999999879e-03 -1.834499999999999868e-04 1.130600000000000051e-03
-4.815559999999999979e-03 -1.834709999999999922e-04 1.133740000000000052e-03
-4.824160000000000080e-03 -1.835010000000000037e-04 1.136869999999999895e-03
-4.832750000000000240e-03 -1.835309999999999882e-04 1.140009999999999895e-03
-4.841350000000000341e-03 -1.835600000000000111e-04 1.143149999999999895e-03
-4.849939999999999633e-03 -1.835879999999999912e-04 1.146300000000000053e-03
-4.858539999999999734e-03 -1.836150000000000098e-04 1.149440000000000054e-03
-4.867129999999999894e-03 -1.836420000000000012e-04 1.152589999999999995e-03
-4.875720000000000054e-03 -1.836669999999999883e-04 1.155750000000000093e-03
-4.884310000000000214e-03 -1.836920000000000024e-04 1.158909999999999975e-03
-4.892900000000000374e-03 -1.837160000000000008e-04 1.162070000000000073e-03
-4.901489999999999667e-03 -1.837390000000000106e-04 1.165229999999999955e-03
-4.910079999999999827e-03 -1.837610000000000046e-04 1.168399999999999994e-03
-4.918660000000000046e-03 -1.837829999999999987e-04 1.171570000000000033e-03
-4.927250000000000206e-03 -1.838029999999999883e-04 1.174740000000000072e-03
-4.935830000000000425e-03 -1.838230000000000051e-04 1.177920000000000052e-03
-4.944409999999999777e-03 -1.838420000000000061e-04 1.181090000000000091e-03
-4.952999999999999937e-03 -1.838599999999999913e-04 1.184280000000000012e-03
-4.961580000000000157e-03 -1.838769999999999879e-04 1.187459999999999991e-03
-4.970160000000000376e-03 -1.838929999999999959e-04 1.190649999999999912e-03
-4.978729999999999788e-03 -1.839090000000000039e-04 1.193840000000000049e-03
-4.987310000000000007e-03 -1.839230000000000075e-04 1.197039999999999910e-03
-4.995890000000000226e-03 -1.839370000000000111e-04 1.200239999999999987e-03
-5.004459999999999638e-03 -1.839499999999999989e-04 1.203440000000000065e-03
-5.013039999999999857e-03 -1.839619999999999981e-04 1.206639999999999926e-03
-5.021610000000000136e-03 -1.839730000000000087e-04 1.209849999999999945e-03
-5.030180000000000415e-03 -1.839839999999999922e-04 1.213059999999999963e-03
-5.038759999999999767e-03 -1.839929999999999983e-04 1.216269999999999981e-03
-5.047330000000000046e-03 -1.840020000000000045e-04 1.219489999999999940e-03
-5.055900000000000324e-03 -1.840099999999999950e-04 1.222709999999999899e-03
-5.064459999999999795e-03 -1.840169999999999968e-04 1.225930000000000075e-03
-5.073030000000000074e-03 -1.840230000000000099e-04 1.229159999999999975e-03
-5.081600000000000353e-03 -1.840289999999999960e-04 1.232390000000000091e-03
-5.090159999999999824e-03 -1.840330000000000047e-04 1.235619999999999991e-03
-5.098720000000000162e-03 -1.840370000000000135e-04 1.238860000000000048e-03
-5.107289999999999573e-03 -1.840400000000000065e-04 1.242100000000000105e-03
-5.115849999999999911e-03 -1.840420000000000109e-04 1.245339999999999945e-03
-5.124410000000000250e-03 -1.840429999999999996e-04 1.248580000000000002e-03
-5.132969999999999720e-03 -1.840429999999999996e-04 1.251830000000000000e-03
-5.141530000000000059e-03 -1.840429999999999996e-04 1.255079999999999998e-03
-5.150079999999999589e-03 -1.840409999999999952e-04 1.258339999999999936e-03
-5.158639999999999927e-03 -1.840389999999999908e-04 1.261589999999999934e-03
-5.167200000000000265e-03 -1.840359999999999978e-04 1.264860000000000029e-03
-5.175749999999999795e-03 -1.840319999999999890e-04 1.268119999999999968e-03
-5.184300000000000193e-03 -1.840269999999999916e-04 1.271390000000000063e-03
-5.192849999999999723e-03 -1.840219999999999942e-04 1.274659999999999942e-03
-5.201400000000000121e-03 -1.840160000000000081e-04 1.277930000000000038e-03
-5.209949999999999651e-03 -1.840079999999999906e-04 1.281210000000000074e-03
-5.218500000000000048e-03 -1.840000000000000001e-04 1.284489999999999894e-03
-5.227049999999999579e-03 -1.839909999999999940e-04 1.287769999999999930e-03
-5.235599999999999976e-03 -1.839819999999999878e-04 1.291049999999999967e-03
-5.244140000000000433e-03 -1.839710000000000043e-04 1.294339999999999944e-03
-5.252689999999999963e-03 -1.839599999999999938e-04 1.297640000000000078e-03
-5.261230000000000420e-03 -1.839470000000000059e-04 1.300930000000000055e-03
-5.269770000000000010e-03 -1.839339999999999910e-04 1.304229999999999973e-03
-5.278309999999999599e-03 -1.839199999999999874e-04 1.307530000000000107e-03
-5.286850000000000056e-03 -1.839049999999999951e-04 1.310830000000000025e-03
-5.295389999999999646e-03 -1.838900000000000029e-04 1.314140000000000100e-03
-5.303930000000000103e-03 -1.838730000000000063e-04 1.317449999999999958e-03
-5.312469999999999692e-03 -1.838630000000000115e-04 1.320769999999999974e-03
-5.321010000000000149e-03 -1.838590000000000027e-04 1.324089999999999989e-03
-5.329559999999999680e-03 -1.838540000000000053e-04 1.327410000000000005e-03
-5.338100000000000137e-03 -1.838479999999999921e-04 1.330739999999999961e-03
-5.346639999999999726e-03 -1.838420000000000061e-04 1.334059999999999977e-03
-5.355180000000000183e-03 -1.838350000000000043e-04 1.337400000000000090e-03
-5.363719999999999773e-03 -1.838269999999999867e-04 1.340730000000000047e-03
-5.372260000000000230e-03 -1.838180000000000076e-04 1.344069999999999944e-03
-5.380799999999999819e-03 -1.838080000000000128e-04 1.347410000000000057e-03
-5.389330000000000336e-03 -1.837970000000000023e-04 1.350749999999999954e-03
-5.397869999999999925e-03 -1.837859999999999917e-04 1.354100000000000008e-03
-5.406399999999999574e-03 -1.837739999999999925e-04 1.357450000000000063e-03
-5.414940000000000031e-03 -1.837610000000000046e-04 1.360810000000000058e-03
-5.423469999999999680e-03 -1.837470000000000010e-04 1.364159999999999895e-03
-5.432000000000000196e-03 -1.837320000000000088e-04 1.367520000000000107e-03
-5.440529999999999845e-03 -1.837160000000000008e-04 1.370890000000000043e-03
-5.449060000000000362e-03 -1.836999999999999929e-04 1.374250000000000037e-03
-5.457580000000000070e-03 -1.836820000000000076e-04 1.377619999999999973e-03
-5.466109999999999719e-03 -1.836639999999999952e-04 1.380989999999999909e-03
-5.474630000000000295e-03 -1.836449999999999942e-04 1.384370000000000002e-03
-5.483159999999999944e-03 -1.836250000000000046e-04 1.387750000000000095e-03
-5.491679999999999652e-03 -1.836049999999999878e-04 1.391129999999999971e-03
-5.500200000000000228e-03 -1.835829999999999938e-04 1.394520000000000004e-03
-5.508719999999999936e-03 -1.835609999999999998e-04 1.397900000000000097e-03
-5.517239999999999644e-03 -1.835379999999999900e-04 1.401289999999999914e-03
-5.525760000000000220e-03 -1.835139999999999916e-04 1.404690000000000105e-03
-5.534279999999999929e-03 -1.834890000000000045e-04 1.408090000000000079e-03
-5.542789999999999696e-03 -1.834630000000000017e-04 1.411490000000000054e-03
-5.551310000000000272e-03 -1.834360000000000103e-04 1.414890000000000028e-03
-5.559820000000000040e-03 -1.834089999999999917e-04 1.418299999999999943e-03
-5.568339999999999748e-03 -1.833810000000000117e-04 1.421710000000000074e-03
-5.576850000000000383e-03 -1.833519999999999887e-04 1.425119999999999989e-03
-5.585360000000000151e-03 -1.833220000000000043e-04 1.428540000000000062e-03
-5.593869999999999919e-03 -1.832910000000000041e-04 1.431949999999999976e-03
-5.602369999999999746e-03 -1.832600000000000038e-04 1.435379999999999989e-03
-5.610880000000000381e-03 -1.832269999999999992e-04 1.438800000000000062e-03
-5.619390000000000149e-03 -1.831939999999999946e-04 1.442230000000000074e-03
-5.627889999999999976e-03 -1.831600000000000014e-04 1.445660000000000087e-03
-5.636399999999999744e-03 -1.831249999999999924e-04 1.449100000000000041e-03
-5.644899999999999571e-03 -1.830889999999999948e-04 1.452530000000000054e-03
-5.653400000000000265e-03 -1.830529999999999972e-04 1.455979999999999948e-03
-5.661900000000000092e-03 -1.830149999999999952e-04 1.459419999999999901e-03
-5.670399999999999920e-03 -1.829769999999999932e-04 1.462870000000000012e-03
-5.678899999999999747e-03 -1.829380000000000025e-04 1.466319999999999906e-03
-5.687389999999999633e-03 -1.828979999999999961e-04 1.469770000000000017e-03
-5.695890000000000328e-03 -1.828570000000000011e-04 1.473230000000000069e-03
-5.704380000000000214e-03 -1.828149999999999903e-04 1.476689999999999904e-03
-5.712880000000000041e-03 -1.827730000000000066e-04 1.480149999999999955e-03
-5.721369999999999928e-03 -1.827300000000000072e-04 1.483610000000000007e-03
-5.729859999999999814e-03 -1.826850000000000034e-04 1.487079999999999999e-03
-5.738349999999999701e-03 -1.826399999999999996e-04 1.490559999999999932e-03
-5.746839999999999588e-03 -1.825949999999999958e-04 1.494029999999999924e-03
-5.755320000000000401e-03 -1.825479999999999876e-04 1.497510000000000074e-03
-5.763810000000000287e-03 -1.825010000000000065e-04 1.500990000000000006e-03
-5.772290000000000233e-03 -1.824519999999999940e-04 1.504469999999999939e-03
-5.780780000000000120e-03 -1.824030000000000085e-04 1.507960000000000030e-03
-5.789260000000000066e-03 -1.823530000000000073e-04 1.511449999999999903e-03
-5.797740000000000012e-03 -1.823019999999999903e-04 1.514949999999999934e-03
-5.806219999999999958e-03 -1.822580000000000023e-04 1.518449999999999965e-03
-5.814699999999999903e-03 -1.822159999999999915e-04 1.521959999999999936e-03
-5.823179999999999849e-03 -1.821740000000000078e-04 1.525480000000000065e-03
-5.831659999999999795e-03 -1.821310000000000084e-04 1.528999999999999977e-03
-5.840129999999999801e-03 -1.820880000000000090e-04 1.532520000000000106e-03
-5.848609999999999746e-03 -1.820430000000000052e-04 1.536049999999999959e-03
-5.857079999999999752e-03 -1.819980000000000014e-04 1.539580000000000028e-03
-5.865559999999999698e-03 -1.819509999999999932e-04 1.543110000000000098e-03
-5.874029999999999703e-03 -1.819040000000000121e-04 1.546639999999999951e-03
-5.882499999999999708e-03 -1.818559999999999881e-04 1.550179999999999961e-03
-5.890969999999999714e-03 -1.818079999999999913e-04 1.553719999999999971e-03
-5.899429999999999778e-03 -1.817579999999999901e-04 1.557259999999999981e-03
-5.907899999999999784e-03 -1.817079999999999889e-04 1.560809999999999932e-03
-5.916369999999999789e-03 -1.816560000000000104e-04 1.564360000000000099e-03
-5.924829999999999854e-03 -1.816040000000000048e-04 1.567910000000000050e-03
-5.933299999999999859e-03 -1.815510000000000105e-04 1.571469999999999942e-03
-5.941759999999999924e-03 -1.814970000000000006e-04 1.575030000000000050e-03
-5.950219999999999988e-03 -1.814429999999999906e-04 1.578589999999999941e-03
-5.958680000000000053e-03 -1.813870000000000033e-04 1.582159999999999990e-03
-5.967140000000000118e-03 -1.813309999999999889e-04 1.585730000000000039e-03
-5.975590000000000242e-03 -1.812740000000000130e-04 1.589300000000000088e-03
-5.984050000000000306e-03 -1.812159999999999943e-04 1.592869999999999920e-03
-5.992500000000000430e-03 -1.811569999999999869e-04 1.596449999999999909e-03
-6.000959999999999628e-03 -1.810969999999999908e-04 1.600029999999999899e-03
-6.009409999999999752e-03 -1.810369999999999948e-04 1.603620000000000045e-03
-6.017859999999999876e-03 -1.809760000000000101e-04 1.607200000000000035e-03
-6.026310000000000000e-03 -1.809140000000000097e-04 1.610789999999999965e-03
-6.034760000000000124e-03 -1.808509999999999935e-04 1.614390000000000052e-03
-6.043210000000000248e-03 -1.807869999999999887e-04 1.617979999999999982e-03
-6.051650000000000432e-03 -1.807219999999999953e-04 1.621580000000000070e-03
-6.060099999999999688e-03 -1.806570000000000018e-04 1.625190000000000098e-03
-6.068539999999999872e-03 -1.805900000000000040e-04 1.628789999999999969e-03
-6.076989999999999996e-03 -1.805230000000000062e-04 1.632399999999999997e-03
-6.085430000000000179e-03 -1.804549999999999926e-04 1.636010000000000025e-03
-6.093870000000000363e-03 -1.803859999999999904e-04 1.639629999999999994e-03
-6.102309999999999679e-03 -1.803169999999999881e-04 1.643249999999999962e-03
-6.110749999999999862e-03 -1.802460000000000086e-04 1.646869999999999931e-03
-6.119180000000000105e-03 -1.801750000000000020e-04 1.650489999999999900e-03
-6.127620000000000289e-03 -1.801030000000000068e-04 1.654120000000000026e-03
-6.136049999999999664e-03 -1.800299999999999958e-04 1.657749999999999935e-03
-6.144489999999999848e-03 -1.799559999999999962e-04 1.661380000000000062e-03
-6.152920000000000091e-03 -1.798810000000000079e-04 1.665019999999999912e-03
-6.161350000000000333e-03 -1.798059999999999925e-04 1.668659999999999978e-03
-6.169779999999999709e-03 -1.797289999999999999e-04 1.672300000000000045e-03
-6.178209999999999952e-03 -1.796520000000000072e-04 1.675950000000000053e-03
-6.186630000000000254e-03 -1.795739999999999988e-04 1.679600000000000060e-03
-6.195059999999999630e-03 -1.794950000000000018e-04 1.683250000000000067e-03
-6.203489999999999872e-03 -1.794160000000000047e-04 1.686900000000000075e-03
-6.211910000000000175e-03 -1.793350000000000033e-04 1.690560000000000023e-03
-6.220329999999999609e-03 -1.792540000000000019e-04 1.694219999999999971e-03
-6.228749999999999912e-03 -1.791720000000000118e-04 1.697890000000000076e-03
-6.237170000000000214e-03 -1.790890000000000060e-04 1.701559999999999965e-03
-6.245589999999999649e-03 -1.790050000000000115e-04 1.705230000000000070e-03
-6.254009999999999951e-03 -1.789200000000000013e-04 1.708899999999999959e-03
-6.262420000000000313e-03 -1.788349999999999912e-04 1.712580000000000005e-03
-6.270839999999999748e-03 -1.787489999999999923e-04 1.716260000000000051e-03
-6.279250000000000109e-03 -1.786609999999999891e-04 1.719940000000000097e-03
-6.287659999999999604e-03 -1.785730000000000130e-04 1.723630000000000084e-03
-6.296079999999999906e-03 -1.784749999999999878e-04 1.727330000000000011e-03
-6.304490000000000267e-03 -1.783730000000000081e-04 1.731040000000000096e-03
-6.312899999999999762e-03 -1.782700000000000127e-04 1.734759999999999905e-03
-6.321310000000000123e-03 -1.781660000000000015e-04 1.738479999999999930e-03
-6.329719999999999618e-03 -1.780610000000000016e-04 1.742199999999999955e-03
-6.338129999999999979e-03 -1.779560000000000018e-04 1.745929999999999921e-03
-6.346540000000000341e-03 -1.778500000000000133e-04 1.749660000000000104e-03
-6.354949999999999835e-03 -1.777430000000000091e-04 1.753390000000000070e-03
-6.363350000000000256e-03 -1.776349999999999891e-04 1.757129999999999977e-03
-6.371749999999999810e-03 -1.775260000000000076e-04 1.760859999999999943e-03
-6.380160000000000171e-03 -1.774160000000000103e-04 1.764610000000000007e-03
-6.388559999999999725e-03 -1.773060000000000131e-04 1.768349999999999913e-03
-6.396960000000000146e-03 -1.771950000000000001e-04 1.772099999999999977e-03
-6.405349999999999759e-03 -1.770820000000000098e-04 1.775850000000000041e-03
-6.413750000000000180e-03 -1.769700000000000082e-04 1.779600000000000105e-03
-6.422149999999999734e-03 -1.768560000000000021e-04 1.783359999999999893e-03
-6.430540000000000214e-03 -1.767410000000000075e-04 1.787119999999999898e-03
-6.438939999999999768e-03 -1.766260000000000128e-04 1.790879999999999903e-03
-6.447330000000000248e-03 -1.765089999999999867e-04 1.794650000000000065e-03
-6.455719999999999861e-03 -1.763919999999999876e-04 1.798410000000000069e-03
-6.464110000000000342e-03 -1.762739999999999999e-04 1.802189999999999955e-03
-6.472499999999999955e-03 -1.761560000000000122e-04 1.805959999999999900e-03
-6.480879999999999627e-03 -1.760359999999999930e-04 1.809740000000000003e-03
-6.489270000000000108e-03 -1.759160000000000010e-04 1.813520000000000106e-03
-6.497649999999999780e-03 -1.757940000000000045e-04 1.817299999999999992e-03
-6.506040000000000260e-03 -1.756720000000000081e-04 1.821090000000000035e-03
-6.514419999999999933e-03 -1.755489999999999958e-04 1.824880000000000078e-03
-6.522799999999999605e-03 -1.754260000000000107e-04 1.828680000000000062e-03
-6.531180000000000145e-03 -1.753009999999999942e-04 1.832470000000000106e-03
-6.539559999999999818e-03 -1.751760000000000047e-04 1.836270000000000090e-03
-6.547930000000000417e-03 -1.750499999999999994e-04 1.840070000000000074e-03
-6.556310000000000089e-03 -1.749219999999999898e-04 1.843879999999999998e-03
-6.564679999999999821e-03 -1.747949999999999959e-04 1.847689999999999923e-03
-6.573060000000000361e-03 -1.746659999999999977e-04 1.851500000000000064e-03
-6.581430000000000093e-03 -1.745360000000000108e-04 1.855309999999999989e-03
-6.589799999999999824e-03 -1.744059999999999968e-04 1.859130000000000071e-03
-6.598170000000000424e-03 -1.742749999999999942e-04 1.862949999999999936e-03
-6.606540000000000155e-03 -1.741430000000000029e-04 1.866779999999999958e-03
-6.614899999999999947e-03 -1.740099999999999958e-04 1.870600000000000041e-03
-6.623269999999999678e-03 -1.738760000000000002e-04 1.874430000000000063e-03
-6.631630000000000337e-03 -1.737409999999999888e-04 1.878270000000000026e-03
-6.639990000000000128e-03 -1.736060000000000045e-04 1.882100000000000049e-03
-6.648359999999999860e-03 -1.734700000000000044e-04 1.885940000000000012e-03
-6.656719999999999651e-03 -1.733329999999999886e-04 1.889789999999999916e-03
-6.665080000000000310e-03 -1.731950000000000113e-04 1.893630000000000096e-03
-6.673430000000000160e-03 -1.730559999999999911e-04 1.897480000000000000e-03
-6.681789999999999952e-03 -1.729169999999999980e-04 1.901329999999999904e-03
-6.690139999999999802e-03 -1.727760000000000005e-04 1.905189999999999965e-03
-6.698499999999999593e-03 -1.726350000000000031e-04 1.909040000000000086e-03
-6.706850000000000311e-03 -1.724929999999999899e-04 1.912899999999999930e-03
-6.715200000000000162e-03 -1.723499999999999880e-04 1.916769999999999932e-03
-6.723550000000000013e-03 -1.722070000000000133e-04 1.920629999999999993e-03
-6.731899999999999863e-03 -1.720620000000000070e-04 1.924499999999999995e-03
-6.740249999999999714e-03 -1.719170000000000008e-04 1.928379999999999938e-03
-6.748589999999999624e-03 -1.717710000000000059e-04 1.932249999999999940e-03
-6.756940000000000342e-03 -1.716239999999999953e-04 1.936130000000000099e-03
-6.765280000000000252e-03 -1.714759999999999960e-04 1.940010000000000042e-03
-6.773620000000000162e-03 -1.713270000000000081e-04 1.943899999999999925e-03
-6.781970000000000012e-03 -1.711890000000000037e-04 1.947780000000000084e-03
-6.790309999999999922e-03 -1.710500000000000106e-04 1.951660000000000027e-03
-6.798649999999999832e-03 -1.709109999999999904e-04 1.955539999999999969e-03
-6.806989999999999742e-03 -1.707710000000000087e-04 1.959429999999999852e-03
-6.815319999999999712e-03 -1.706300000000000113e-04 1.963320000000000169e-03
-6.823659999999999622e-03 -1.704879999999999981e-04 1.967210000000000052e-03
-6.831989999999999591e-03 -1.703460000000000119e-04 1.971109999999999876e-03
-6.840330000000000368e-03 -1.702019999999999944e-04 1.975010000000000134e-03
-6.848660000000000338e-03 -1.700580000000000039e-04 1.978909999999999957e-03
-6.856990000000000307e-03 -1.699129999999999976e-04 1.982810000000000215e-03
-6.865320000000000276e-03 -1.697670000000000028e-04 1.986719999999999979e-03
-6.873650000000000246e-03 -1.696199999999999921e-04 1.990630000000000177e-03
-6.881970000000000275e-03 -1.694730000000000086e-04 1.994549999999999882e-03
-6.890300000000000244e-03 -1.693239999999999936e-04 1.998470000000000021e-03
-6.898620000000000273e-03 -1.691750000000000057e-04 2.002390000000000159e-03
-6.906940000000000301e-03 -1.690250000000000021e-04 2.006309999999999864e-03
-6.915270000000000271e-03 -1.688740000000000098e-04 2.010239999999999944e-03
-6.923590000000000300e-03 -1.687220000000000017e-04 2.014170000000000023e-03
-6.931900000000000388e-03 -1.685699999999999937e-04 2.018100000000000102e-03
-6.940220000000000417e-03 -1.684160000000000084e-04 2.022030000000000181e-03
-6.948539999999999578e-03 -1.682619999999999960e-04 2.025970000000000201e-03
-6.956849999999999666e-03 -1.681069999999999949e-04 2.029909999999999787e-03
-6.965169999999999695e-03 -1.679510000000000052e-04 2.033860000000000182e-03
-6.973479999999999783e-03 -1.677949999999999884e-04 2.037810000000000142e-03
-6.981789999999999871e-03 -1.676369999999999943e-04 2.041760000000000103e-03
-6.990099999999999959e-03 -1.674790000000000003e-04 2.045710000000000063e-03
-6.998410000000000047e-03 -1.673190000000000018e-04 2.049669999999999964e-03
-7.006710000000000195e-03 -1.671590000000000033e-04 2.053629999999999865e-03
-7.015020000000000283e-03 -1.669990000000000049e-04 2.057590000000000200e-03
-7.023320000000000431e-03 -1.668370000000000020e-04 2.061560000000000042e-03
-7.031629999999999651e-03 -1.666749999999999992e-04 2.065529999999999883e-03
-7.039929999999999799e-03 -1.665109999999999919e-04 2.069500000000000159e-03
-7.048229999999999947e-03 -1.663470000000000118e-04 2.073470000000000001e-03
-7.056530000000000094e-03 -1.661819999999999888e-04 2.077450000000000217e-03
-7.064820000000000301e-03 -1.660160000000000043e-04 2.081429999999999999e-03
-7.073119999999999581e-03 -1.658499999999999927e-04 2.085420000000000156e-03
-7.081419999999999729e-03 -1.656820000000000037e-04 2.089409999999999878e-03
-7.089709999999999936e-03 -1.655139999999999877e-04 2.093400000000000035e-03
-7.098000000000000143e-03 -1.653450000000000102e-04 2.097390000000000192e-03
-7.106290000000000349e-03 -1.651749999999999898e-04 2.101389999999999855e-03
-7.114579999999999689e-03 -1.650040000000000079e-04 2.105389999999999952e-03
-7.122869999999999896e-03 -1.648329999999999988e-04 2.109390000000000050e-03
-7.131160000000000103e-03 -1.646600000000000125e-04 2.113390000000000147e-03
-7.139440000000000369e-03 -1.644869999999999991e-04 2.117400000000000185e-03
-7.147729999999999709e-03 -1.643129999999999970e-04 2.121409999999999789e-03
-7.156009999999999975e-03 -1.641380000000000063e-04 2.125430000000000201e-03
-7.164290000000000241e-03 -1.639619999999999999e-04 2.129450000000000180e-03
-7.172569999999999640e-03 -1.637859999999999934e-04 2.133470000000000158e-03
-7.180849999999999907e-03 -1.636080000000000097e-04 2.137490000000000136e-03
-7.189130000000000173e-03 -1.634299999999999989e-04 2.141520000000000055e-03
-7.197399999999999631e-03 -1.632509999999999994e-04 2.145549999999999975e-03
-7.205679999999999898e-03 -1.630769999999999974e-04 2.149569999999999953e-03
-7.213950000000000223e-03 -1.629129999999999901e-04 2.153589999999999931e-03
-7.222229999999999622e-03 -1.627479999999999942e-04 2.157609999999999910e-03
-7.230499999999999948e-03 -1.625820000000000097e-04 2.161639999999999829e-03
-7.238770000000000274e-03 -1.624150000000000094e-04 2.165670000000000182e-03
-7.247039999999999732e-03 -1.622480000000000092e-04 2.169700000000000101e-03
-7.255310000000000058e-03 -1.620790000000000045e-04 2.173730000000000020e-03
-7.263569999999999575e-03 -1.619099999999999999e-04 2.177769999999999880e-03
-7.271839999999999901e-03 -1.617400000000000066e-04 2.181810000000000173e-03
-7.280100000000000286e-03 -1.615689999999999976e-04 2.185850000000000033e-03
-7.288359999999999804e-03 -1.613969999999999999e-04 2.189899999999999833e-03
-7.296620000000000189e-03 -1.612250000000000022e-04 2.193950000000000067e-03
-7.304879999999999707e-03 -1.610519999999999888e-04 2.197999999999999867e-03
-7.313140000000000092e-03 -1.608769999999999981e-04 2.202060000000000042e-03
-7.321399999999999610e-03 -1.607029999999999960e-04 2.206120000000000216e-03
-7.329650000000000054e-03 -1.605269999999999896e-04 2.210179999999999957e-03
-7.337909999999999572e-03 -1.603499999999999945e-04 2.214240000000000132e-03
-7.346160000000000016e-03 -1.601729999999999994e-04 2.218309999999999813e-03
-7.354409999999999593e-03 -1.599939999999999999e-04 2.222379999999999928e-03
-7.362660000000000038e-03 -1.598150000000000005e-04 2.226450000000000044e-03
-7.370909999999999615e-03 -1.596350000000000123e-04 2.230530000000000099e-03
-7.379160000000000059e-03 -1.594549999999999971e-04 2.234610000000000155e-03
-7.387399999999999696e-03 -1.592730000000000046e-04 2.238690000000000211e-03
-7.395650000000000140e-03 -1.590910000000000121e-04 2.242780000000000207e-03
-7.403889999999999777e-03 -1.589069999999999881e-04 2.246870000000000204e-03
-7.412130000000000281e-03 -1.587229999999999913e-04 2.250960000000000200e-03
-7.420369999999999917e-03 -1.585380000000000057e-04 2.255050000000000197e-03
-7.428610000000000421e-03 -1.583529999999999931e-04 2.259150000000000134e-03
-7.436850000000000058e-03 -1.581660000000000032e-04 2.263250000000000071e-03
-7.445089999999999694e-03 -1.579790000000000133e-04 2.267350000000000008e-03
-7.453320000000000257e-03 -1.577910000000000076e-04 2.271459999999999885e-03
-7.461559999999999894e-03 -1.576020000000000133e-04 2.275570000000000197e-03
-7.469789999999999590e-03 -1.574120000000000033e-04 2.279680000000000074e-03
-7.478020000000000153e-03 -1.572210000000000046e-04 2.283799999999999893e-03
-7.486249999999999849e-03 -1.570300000000000059e-04 2.287920000000000145e-03
-7.494480000000000412e-03 -1.568370000000000029e-04 2.292039999999999963e-03
-7.502700000000000168e-03 -1.566439999999999998e-04 2.296160000000000215e-03
-7.510929999999999863e-03 -1.564500000000000081e-04 2.300289999999999974e-03
-7.519149999999999619e-03 -1.562559999999999893e-04 2.304420000000000166e-03
-7.527370000000000241e-03 -1.560599999999999932e-04 2.308559999999999866e-03
-7.535599999999999937e-03 -1.558639999999999971e-04 2.312690000000000058e-03
-7.543819999999999693e-03 -1.556659999999999966e-04 2.316830000000000191e-03
-7.552030000000000375e-03 -1.554679999999999962e-04 2.320979999999999831e-03
-7.560250000000000130e-03 -1.552690000000000071e-04 2.325119999999999965e-03
-7.568459999999999945e-03 -1.550769999999999926e-04 2.329270000000000038e-03
-7.576679999999999700e-03 -1.548839999999999896e-04 2.333420000000000112e-03
-7.584890000000000382e-03 -1.546899999999999979e-04 2.337570000000000186e-03
-7.593100000000000196e-03 -1.544949999999999904e-04 2.341719999999999826e-03
-7.601310000000000011e-03 -1.543000000000000101e-04 2.345879999999999840e-03
-7.609509999999999885e-03 -1.541029999999999982e-04 2.350039999999999855e-03
-7.617719999999999700e-03 -1.539060000000000135e-04 2.354209999999999810e-03
-7.625919999999999574e-03 -1.537080000000000130e-04 2.358369999999999824e-03
-7.634130000000000256e-03 -1.535100000000000125e-04 2.362540000000000213e-03
-7.642330000000000130e-03 -1.533100000000000077e-04 2.366720000000000108e-03
-7.650530000000000004e-03 -1.531100000000000028e-04 2.370890000000000063e-03
-7.658729999999999878e-03 -1.529079999999999936e-04 2.375069999999999959e-03
-7.666929999999999752e-03 -1.527060000000000114e-04 2.379249999999999855e-03
-7.675119999999999686e-03 -1.525030000000000135e-04 2.383440000000000124e-03
-7.683320000000000427e-03 -1.522999999999999886e-04 2.387629999999999961e-03
-7.691510000000000360e-03 -1.520950000000000134e-04 2.391819999999999797e-03
-7.699700000000000294e-03 -1.518900000000000111e-04 2.396010000000000067e-03
-7.707890000000000227e-03 -1.516839999999999931e-04 2.400209999999999844e-03
-7.716080000000000161e-03 -1.514770000000000135e-04 2.404410000000000054e-03
-7.724270000000000094e-03 -1.512689999999999911e-04 2.408609999999999831e-03
-7.732450000000000087e-03 -1.510600000000000072e-04 2.412819999999999982e-03
-7.740640000000000021e-03 -1.508509999999999962e-04 2.417030000000000133e-03
-7.748820000000000013e-03 -1.506400000000000078e-04 2.421239999999999851e-03
-7.757000000000000006e-03 -1.504289999999999924e-04 2.425450000000000002e-03
-7.765179999999999999e-03 -1.502169999999999883e-04 2.429670000000000094e-03
-7.773359999999999992e-03 -1.500050000000000114e-04 2.433890000000000185e-03
-7.781539999999999985e-03 -1.497910000000000029e-04 2.438119999999999784e-03
-7.789719999999999978e-03 -1.495769999999999945e-04 2.442339999999999876e-03
-7.797890000000000030e-03 -1.493610000000000087e-04 2.446569999999999908e-03
-7.806060000000000082e-03 -1.491449999999999959e-04 2.450809999999999881e-03
-7.814240000000000075e-03 -1.489290000000000102e-04 2.455039999999999913e-03
-7.822410000000000127e-03 -1.487109999999999929e-04 2.459279999999999886e-03
-7.830580000000000179e-03 -1.484919999999999871e-04 2.463519999999999859e-03
-7.838740000000000291e-03 -1.482730000000000083e-04 2.467770000000000206e-03
-7.846910000000000343e-03 -1.480529999999999867e-04 2.472020000000000120e-03
-7.855070000000000455e-03 -1.478320000000000036e-04 2.476270000000000034e-03
-7.863240000000000507e-03 -1.476100000000000047e-04 2.480519999999999947e-03
-7.871400000000000619e-03 -1.473880000000000058e-04 2.484779999999999801e-03
-7.879560000000000730e-03 -1.471640000000000025e-04 2.489040000000000089e-03
-7.887720000000000842e-03 -1.469399999999999992e-04 2.493299999999999943e-03
-7.895879999999999219e-03 -1.467150000000000073e-04 2.497570000000000172e-03
-7.904029999999999390e-03 -1.464889999999999996e-04 2.501839999999999967e-03
-7.912189999999999501e-03 -1.462620000000000033e-04 2.506110000000000195e-03
-7.920339999999999672e-03 -1.460370000000000114e-04 2.510379999999999990e-03
-7.928489999999999843e-03 -1.458130000000000081e-04 2.514660000000000159e-03
-7.936640000000000014e-03 -1.455890000000000049e-04 2.518929999999999954e-03
-7.944790000000000185e-03 -1.453629999999999972e-04 2.523210000000000123e-03
-7.952930000000000416e-03 -1.451369999999999895e-04 2.527499999999999799e-03
-7.961070000000000646e-03 -1.449099999999999932e-04 2.531779999999999968e-03
-7.969220000000000817e-03 -1.446829999999999969e-04 2.536070000000000078e-03
-7.977359999999999313e-03 -1.444539999999999963e-04 2.540370000000000128e-03
-7.985499999999999543e-03 -1.442240000000000069e-04 2.544659999999999804e-03
-7.993639999999999773e-03 -1.439939999999999905e-04 2.548959999999999854e-03
-8.001770000000000063e-03 -1.437630000000000125e-04 2.553259999999999905e-03
-8.009910000000000294e-03 -1.435309999999999917e-04 2.557569999999999896e-03
-8.018040000000000583e-03 -1.432989999999999980e-04 2.561869999999999946e-03
-8.026169999999999138e-03 -1.430649999999999999e-04 2.566179999999999937e-03
-8.034309999999999369e-03 -1.428310000000000018e-04 2.570499999999999868e-03
-8.042439999999999659e-03 -1.425959999999999880e-04 2.574809999999999859e-03
-8.050560000000000008e-03 -1.423600000000000126e-04 2.579129999999999791e-03
-8.058690000000000297e-03 -1.421229999999999943e-04 2.583460000000000097e-03
-8.066820000000000587e-03 -1.418849999999999875e-04 2.587780000000000028e-03
-8.074939999999999202e-03 -1.416470000000000077e-04 2.592109999999999900e-03
-8.083059999999999551e-03 -1.414069999999999965e-04 2.596440000000000206e-03
-8.091179999999999900e-03 -1.411670000000000123e-04 2.600770000000000078e-03
-8.099300000000000249e-03 -1.409260000000000124e-04 2.605109999999999891e-03
-8.107420000000000598e-03 -1.406850000000000125e-04 2.609450000000000137e-03
-8.115539999999999213e-03 -1.404420000000000082e-04 2.613799999999999891e-03
-8.123649999999999621e-03 -1.401990000000000040e-04 2.618140000000000137e-03
-8.131760000000000030e-03 -1.399550000000000110e-04 2.622489999999999891e-03
-8.139880000000000379e-03 -1.397100000000000024e-04 2.626840000000000078e-03
-8.147990000000000788e-03 -1.394640000000000051e-04 2.631200000000000205e-03
-8.156099999999999461e-03 -1.392169999999999920e-04 2.635559999999999899e-03
-8.164199999999999929e-03 -1.389700000000000061e-04 2.639920000000000027e-03
-8.172310000000000338e-03 -1.387209999999999886e-04 2.644280000000000155e-03
-8.180410000000000806e-03 -1.384719999999999983e-04 2.648649999999999789e-03
-8.188519999999999480e-03 -1.382219999999999922e-04 2.653019999999999858e-03
-8.196619999999999948e-03 -1.379720000000000133e-04 2.657389999999999926e-03
-8.204720000000000416e-03 -1.377200000000000028e-04 2.661769999999999935e-03
-8.212819999999999149e-03 -1.374679999999999923e-04 2.666149999999999944e-03
-8.220919999999999617e-03 -1.372149999999999932e-04 2.670529999999999952e-03
-8.229010000000000144e-03 -1.369610000000000055e-04 2.674909999999999961e-03
-8.237110000000000612e-03 -1.367060000000000020e-04 2.679299999999999911e-03
-8.245199999999999405e-03 -1.364500000000000099e-04 2.683689999999999860e-03
-8.253289999999999932e-03 -1.361939999999999906e-04 2.688079999999999810e-03
-8.261380000000000459e-03 -1.359370000000000099e-04 2.692480000000000134e-03
-8.269469999999999252e-03 -1.356790000000000134e-04 2.696880000000000024e-03
-8.277559999999999779e-03 -1.354229999999999941e-04 2.701279999999999914e-03
-8.285640000000000366e-03 -1.351660000000000134e-04 2.705679999999999804e-03
-8.293719999999999218e-03 -1.349090000000000055e-04 2.710080000000000128e-03
-8.301809999999999745e-03 -1.346519999999999976e-04 2.714480000000000018e-03
-8.309890000000000332e-03 -1.343930000000000125e-04 2.718889999999999849e-03
-8.317969999999999184e-03 -1.341340000000000002e-04 2.723300000000000113e-03
-8.326049999999999771e-03 -1.338749999999999879e-04 2.727709999999999944e-03
-8.334120000000000417e-03 -1.336139999999999984e-04 2.732130000000000149e-03
-8.342199999999999269e-03 -1.333530000000000089e-04 2.736549999999999920e-03
-8.350269999999999915e-03 -1.330919999999999922e-04 2.740970000000000125e-03
-8.358340000000000561e-03 -1.328289999999999983e-04 2.745389999999999896e-03
-8.366409999999999472e-03 -1.325660000000000044e-04 2.749820000000000042e-03
-8.374480000000000118e-03 -1.323019999999999947e-04 2.754250000000000188e-03
-8.382550000000000764e-03 -1.320380000000000121e-04 2.758679999999999900e-03
-8.390609999999999735e-03 -1.317729999999999867e-04 2.763110000000000045e-03
-8.398680000000000381e-03 -1.315069999999999998e-04 2.767550000000000131e-03
-8.406739999999999352e-03 -1.312410000000000128e-04 2.771989999999999784e-03
-8.414800000000000058e-03 -1.309740000000000101e-04 2.776429999999999870e-03
-8.422860000000000763e-03 -1.307059999999999917e-04 2.780879999999999897e-03
-8.430919999999999734e-03 -1.304370000000000117e-04 2.785319999999999983e-03
-8.438980000000000439e-03 -1.301680000000000046e-04 2.789770000000000010e-03
-8.447029999999999469e-03 -1.298989999999999975e-04 2.794229999999999978e-03
-8.455090000000000175e-03 -1.296280000000000132e-04 2.798680000000000005e-03
-8.463139999999999205e-03 -1.293570000000000017e-04 2.803139999999999972e-03
-8.471189999999999970e-03 -1.290850000000000016e-04 2.807599999999999939e-03
-8.479240000000000735e-03 -1.288130000000000015e-04 2.812069999999999848e-03
-8.487289999999999765e-03 -1.285400000000000128e-04 2.816529999999999815e-03
-8.495330000000000589e-03 -1.282660000000000083e-04 2.821000000000000157e-03
-8.503379999999999619e-03 -1.279909999999999880e-04 2.825470000000000065e-03
-8.511420000000000444e-03 -1.277159999999999949e-04 2.829949999999999913e-03
-8.519459999999999533e-03 -1.274400000000000131e-04 2.834430000000000196e-03
-8.527500000000000357e-03 -1.271640000000000042e-04 2.838910000000000045e-03
-8.535539999999999447e-03 -1.268870000000000067e-04 2.843389999999999893e-03
-8.543580000000000271e-03 -1.266089999999999935e-04 2.847870000000000176e-03
-8.551609999999999420e-03 -1.263299999999999916e-04 2.852359999999999965e-03
-8.559650000000000244e-03 -1.260509999999999897e-04 2.856850000000000188e-03
-8.567679999999999393e-03 -1.257709999999999991e-04 2.861349999999999918e-03
-8.575710000000000277e-03 -1.254910000000000086e-04 2.865840000000000141e-03
